tests/testdata/gmted/ds30_grd/ds30_grd
ncols        123
nrows        87
xllcorner    -79.275139291789
yllcorner    35.516527275711
cellsize     0.008333333300
NODATA_value  nan
[rows 0 to 45 of 87, columns 0 to 95 of 123]
230.0 227 215 218 212 214 209 210 209 219 218 200 200 206 201 212 219 238 242 219 208 231 207 204 195 187 185 192 197 198 186 183 192 176 191 210 196 186 182 176 155 157 158 235 153 134 127 152 165 178 187 180 179 163 174 169 162 144 142 150 148 157 172 159 166 144 146 147 149 144 144 139 128 117 119 120 135 141 127 128 108 121 119 115 128 128 144 141 120 128 117 107 97 111 110 99
203 219 209 203 213 218 215 211 211 219 222 222 217 219 217 204 212 230 213 218 207 199 204 194 205 190 195 203 189 184 181 195 198 183 196 217 202 189 187 183 168 162 193 211 152 146 136 160 169 176 162 186 179 154 160 156 156 145 144 157 147 155 164 180 162 153 157 151 150 135 136 130 134 124 125 104 125 128 118 104 119 120 117 124 116 146 138 125 126 125 131 115 108 114 91 109
213 205 204 218 208 208 222 226 224 226 218 218 214 223 228 220 226 228 230 214 211 196 206 196 200 201 195 202 198 189 187 203 202 187 184 207 208 182 179 183 180 169 175 196 147 150 141 162 176 199 159 159 177 159 155 153 152 134 146 147 141 148 164 152 164 158 147 152 143 141 143 137 132 140 136 130 134 106 95 107 109 113 128 123 122 131 132 131 107 124 127 123 111 112 94 80
215 209 195 199 199 213 215 214 228 220 215 219 221 215 216 217 225 206 215 213 206 203 206 205 196 194 195 194 196 199 198 202 191 195 197 202 182 180 182 172 178 180 165 174 150 142 129 176 173 180 164 154 165 164 152 146 148 146 129 142 146 138 147 136 146 151 144 144 151 156 149 143 135 132 119 125 128 117 99 97 101 107 114 124 109 116 134 114 115 119 124 106 117 113 77 89
206 198 203 204 210 216 212 205 211 216 218 220 220 205 207 222 218 208 199 205 197 209 203 200 193 201 191 187 204 196 188 191 191 187 205 224 193 173 171 179 179 176 168 162 161 148 133 165 154 156 147 148 155 154 150 153 145 146 143 142 145 139 142 154 150 140 147 141 137 154 149 144 142 126 110 96 104 116 105 103 101 99 98 130 97 124 127 129 119 96 112 94 127 111 89 73
184 185 211 207 211 202 203 212 220 213 209 208 221 215 202 205 220 203 201 203 202 197 207 210 197 192 184 184 197 203 202 176 183 199 206 203 182 177 164 173 183 171 166 150 163 162 156 126 164 153 138 151 142 145 155 141 145 152 135 115 130 134 135 139 146 133 144 125 152 146 130 140 131 127 122 115 103 97 98 97 96 99 95 108 125 126 119 108 116 120 88 103 113 108 112 110
187 198 201 205 208 197 195 209 216 212 200 220 219 213 212 205 218 217 215 201 192 201 191 203 204 205 204 199 197 190 203 183 194 187 183 202 166 191 172 170 182 163 145 170 177 163 162 112 171 156 148 139 141 132 144 142 144 155 146 143 114 133 139 150 151 143 126 113 125 114 123 130 125 113 117 109 119 115 109 112 101 94 95 118 109 114 109 98 116 102 109 89 101 94 95 123
187 186 202 212 209 196 204 207 216 205 205 210 221 221 217 199 214 212 205 199 203 199 191 195 189 209 196 198 200 193 188 174 184 184 175 162 183 154 164 171 157 164 148 142 159 157 172 174 133 141 119 138 129 125 132 132 149 158 139 137 130 123 142 128 134 136 110 102 102 105 112 130 118 114 124 125 110 110 121 116 118 109 114 133 123 118 118 113 114 92 86 90 85 77 75 92
184 193 201 210 200 195 212 221 213 208 202 204 205 202 208 199 198 214 216 205 204 198 199 187 192 206 193 179 175 192 168 191 185 176 184 172 186 185 158 175 158 147 182 137 136 169 167 148 159 141 119 127 113 121 125 140 136 149 144 138 114 135 130 113 113 128 116 101 105 97 102 111 118 112 122 129 117 126 123 108 114 109 122 136 128 118 125 114 124 112 108 88 70 82 72 94
199 208 202 200 188 212 203 218 220 206 215 215 221 212 204 203 204 210 194 207 205 205 204 205 174 190 181 182 165 187 173 178 177 171 182 196 171 166 156 155 156 148 176 135 127 147 167 159 139 121 105 115 131 114 114 130 133 146 137 135 121 127 107 109 109 109 101 92 112 99 107 118 129 95 111 128 127 124 125 128 122 115 125 136 120 126 130 129 115 117 90 95 95 95 117 118
205 192 195 190 206 201 210 210 213 223 214 204 195 209 197 189 202 207 208 212 217 195 208 198 201 187 178 176 168 184 185 161 171 161 176 167 174 170 173 152 148 182 173 153 134 134 164 152 144 130 133 133 138 119 143 133 140 132 138 95 83 93 97 98 108 119 109 91 101 119 104 105 113 107 109 130 109 111 132 132 125 109 135 135 126 130 127 120 98 84 102 107 121 84 127 121
166 181 194 197 204 197 211 219 230 206 207 199 189 199 191 201 194 216 225 215 203 200 193 197 193 188 189 198 191 196 170 174 178 156 161 162 154 151 176 155 164 162 157 140 127 129 135 126 162 139 152 132 132 89 123 118 131 116 97 98 120 114 101 110 104 119 113 99 93 101 99 117 109 103 100 115 98 121 105 115 115 131 133 142 131 138 111 110 141 120 121 132 107 105 123 126
202 193 205 202 210 207 219 219 210 210 211 214 193 199 189 217 207 215 224 217 211 210 197 181 185 188 184 184 179 181 174 184 177 176 180 184 189 184 164 155 137 175 155 120 116 124 122 130 116 134 154 127 115 84 87 104 86 81 115 118 107 118 109 106 114 120 101 108 94 87 100 117 112 112 108 92 104 122 115 106 104 135 122 133 142 126 117 129 145 138 144 129 94 124 126 127
197 187 201 211 202 211 210 211 220 219 209 201 201 192 189 206 222 213 220 214 215 208 204 206 202 189 189 178 191 185 191 182 170 192 186 200 204 183 152 168 188 161 153 152 126 132 132 121 120 136 134 120 95 80 82 90 91 92 114 104 107 110 116 117 114 109 111 93 86 100 114 126 110 91 95 108 116 120 112 95 113 112 117 142 130 122 127 126 137 140 134 118 112 132 140 124
180 178 198 194 193 203 196 214 228 220 215 210 205 197 184 192 197 220 206 204 205 192 181 196 190 197 188 184 191 193 169 174 157 169 181 187 175 160 170 199 195 180 158 138 144 136 137 118 136 116 103 110 108 80 79 75 86 89 104 118 118 112 109 111 127 112 110 105 80 100 118 113 119 97 99 109 118 118 111 103 113 105 116 135 129 129 145 157 153 137 128 110 140 143 150 127
184 199 190 213 207 214 209 215 224 210 205 199 203 194 186 197 195 202 204 205 199 200 188 183 184 198 182 198 195 170 165 149 149 162 175 209 186 170 188 197 217 162 148 154 162 144 122 117 110 93 83 122 110 95 86 79 91 85 91 109 68 108 117 117 111 113 111 92 102 103 115 117 103 92 96 116 112 99 89 92 107 125 126 128 134 155 141 156 148 129 124 138 154 147 144 128
204 192 204 203 213 214 216 217 213 215 208 214 208 206 198 180 195 194 222 202 191 177 174 177 190 177 167 194 172 176 163 213 144 191 209 212 191 204 188 181 160 159 149 152 142 135 116 98 114 89 90 104 110 101 82 76 93 76 94 112 87 112 109 103 89 108 104 96 93 92 107 99 103 99 94 100 103 89 116 104 110 120 128 123 145 144 145 150 140 135 144 147 132 133 135 126
207 207 216 205 219 219 216 225 204 210 205 202 197 205 202 186 197 207 206 202 203 193 186 165 165 169 159 173 198 189 168 182 142 198 212 192 168 166 169 175 161 138 138 149 143 140 106 95 87 86 98 100 102 106 80 78 87 74 91 99 94 99 101 88 102 94 96 96 77 108 114 104 104 84 89 107 91 85 103 109 122 123 111 107 127 128 142 143 133 144 145 138 133 113 127 135
210 211 206 209 217 222 219 215 213 203 199 199 192 175 188 175 189 197 191 198 195 194 194 193 169 155 153 165 166 198 152 171 158 171 183 198 172 165 153 169 147 137 127 134 128 124 117 117 116 91 90 88 89 82 82 78 76 74 74 101 96 93 94 100 86 101 85 96 91 105 113 96 102 82 107 80 96 111 114 113 105 117 138 147 151 142 129 136 153 159 147 123 133 136 121 108
206 191 207 207 206 209 215 215 210 221 215 211 194 203 186 208 183 194 197 189 181 173 166 176 163 187 178 179 197 218 181 173 158 162 167 176 155 146 153 136 134 129 115 118 93 93 99 86 106 95 86 88 81 90 84 74 79 74 74 81 94 74 87 90 101 96 87 103 86 106 106 102 88 74 90 100 109 101 93 131 124 135 137 149 142 148 149 159 164 147 135 130 139 125 111 118
199 191 211 205 211 229 224 210 206 214 194 194 203 188 189 191 176 163 172 166 172 172 163 161 216 196 210 236 195 172 157 130 142 164 160 138 136 130 124 103 114 110 121 102 99 99 68 83 91 84 90 84 92 103 98 94 91 74 74 74 74 80 93 104 104 97 76 74 94 110 94 99 74 91 90 83 92 105 129 136 151 150 135 142 122 140 147 164 162 160 156 151 143 133 125 122
187 185 195 204 218 218 218 209 200 200 204 193 202 198 177 188 170 180 256 205 176 211 171 193 201 189 202 220 219 208 160 139 150 165 178 140 125 109 135 145 136 98 95 125 118 120 105 94 101 98 95 104 97 96 94 88 83 90 92 74 74 75 92 103 109 104 87 74 111 111 96 98 74 99 102 102 116 120 125 133 129 147 129 119 115 143 142 157 158 156 154 159 131 134 141 132
180 204 202 204 209 199 216 200 198 193 212 200 203 197 189 193 182 189 224 209 193 203 196 194 188 197 205 183 205 159 149 134 142 146 136 115 141 149 151 145 116 106 115 125 122 116 94 101 108 99 82 87 98 97 96 95 90 110 103 92 83 74 74 102 107 100 74 101 109 116 97 101 81 99 123 101 110 139 135 116 117 132 125 105 127 143 149 149 156 141 142 143 158 149 137 134
195 190 201 193 195 206 213 202 211 223 197 218 199 207 213 191 209 210 237 240 199 193 210 209 185 182 176 213 174 148 144 141 120 132 120 146 149 148 164 138 124 121 109 118 124 116 105 119 113 96 89 103 108 94 106 107 94 93 89 86 94 85 74 84 94 90 74 104 110 102 101 74 94 102 83 114 128 123 121 112 129 127 113 111 103 134 143 139 162 141 132 140 143 138 131 121
206 191 180 191 197 214 210 215 210 214 229 222 241 207 208 211 220 217 209 191 192 193 216 200 184 172 180 146 164 146 145 145 132 155 150 153 164 151 155 126 132 123 128 121 116 118 117 112 109 87 95 107 111 109 110 100 89 100 97 92 93 103 74 79 90 105 74 74 97 125 95 85 110 106 100 113 121 110 116 112 117 95 110 127 139 151 128 156 157 143 125 136 149 142 140 133
192 185 193 209 208 198 218 218 230 233 210 211 192 211 206 214 213 225 221 208 212 219 198 188 167 151 146 166 163 157 149 147 159 152 159 154 159 144 123 127 124 121 112 114 108 111 115 105 103 91 100 108 114 115 91 97 104 107 105 107 102 98 74 74 75 74 74 74 91 108 74 111 118 108 126 116 127 109 109 89 92 101 114 131 126 155 151 151 150 128 129 135 138 122 135 140
199 206 204 199 205 197 212 206 215 197 192 191 200 222 204 210 224 227 224 221 201 194 173 179 182 155 170 182 170 148 152 153 154 172 166 170 143 122 141 123 115 125 123 109 97 100 105 91 95 95 104 125 112 98 124 110 108 99 101 110 98 85 84 74 74 74 74 74 85 90 74 107 97 106 118 114 117 96 84 106 115 103 128 132 144 162 157 141 134 109 115 136 123 120 146 128
200 210 203 204 189 184 190 199 196 211 198 197 213 231 217 205 197 214 222 187 208 171 151 191 181 169 157 167 162 151 146 138 134 136 148 150 143 123 111 105 121 126 117 127 104 120 104 115 94 109 104 116 118 124 114 95 110 100 98 94 74 92 93 100 104 108 74 81 74 74 101 95 74 104 105 111 106 87 95 99 108 134 126 124 132 136 150 131 134 115 141 131 113 124 119 138
226 222 196 178 195 189 186 176 210 204 203 201 220 227 206 205 202 179 168 162 154 165 167 173 156 151 150 171 159 161 165 146 119 145 155 133 104 120 104 112 128 123 123 131 111 122 115 105 100 101 123 123 114 106 107 104 87 90 84 88 97 102 103 102 108 111 89 74 98 115 117 99 95 101 99 74 74 93 106 124 124 120 112 106 125 125 147 129 106 113 128 110 103 125 136 133
207 188 184 171 192 201 193 176 189 175 186 183 203 216 203 186 194 178 161 169 181 185 158 157 148 167 133 151 131 141 145 155 125 136 118 128 90 115 101 127 123 114 113 118 114 120 110 109 101 115 121 123 107 107 105 111 97 97 90 98 114 106 110 101 106 88 74 98 129 126 113 103 122 97 112 74 123 108 117 123 131 111 107 113 121 128 140 113 103 136 122 89 120 128 134 126
199 188 195 185 184 180 191 194 172 189 184 206 219 225 197 193 176 166 180 173 170 170 185 184 156 138 133 154 164 129 133 101 103 101 97 89 101 105 96 101 113 120 109 112 110 119 116 117 111 120 114 111 109 93 92 89 89 93 104 94 115 99 108 94 85 78 109 104 132 138 121 120 118 121 99 85 74 84 91 125 123 100 96 114 109 126 114 113 118 116 92 114 131 128 113 123
221 182 189 167 164 172 205 173 154 179 172 207 205 210 207 182 183 178 187 191 169 177 187 154 148 147 155 173 154 143 154 129 102 97 99 88 104 98 114 125 124 109 118 93 105 109 112 121 124 120 104 107 108 98 103 101 86 107 113 125 98 106 95 90 112 116 106 114 141 133 117 102 100 105 97 105 99 92 106 117 117 102 84 102 98 95 99 117 109 107 96 125 120 105 116 103
181 179 174 174 172 166 213 155 156 171 163 185 197 204 190 182 176 184 198 188 171 174 166 156 152 164 163 166 180 159 154 143 82 84 93 94 103 99 93 114 123 114 103 98 104 98 108 105 118 116 104 116 105 112 105 96 105 113 106 97 94 91 113 114 116 123 131 141 124 120 122 118 106 82 78 106 95 74 74 99 108 88 74 91 119 126 120 98 94 91 108 111 113 98 96 101
177 172 167 164 192 166 178 154 172 182 188 172 193 215 219 180 165 170 179 179 170 163 164 168 183 164 170 173 150 148 113 106 100 85 82 81 82 90 94 114 114 108 104 94 91 108 116 108 124 107 132 115 119 111 115 117 112 93 106 93 105 119 95 112 115 137 149 140 129 124 115 95 112 113 107 107 101 98 102 84 74 100 87 101 101 117 96 86 97 103 117 104 83 95 84 90
187 172 176 162 154 158 180 171 180 184 182 183 175 184 174 167 156 160 183 175 159 157 155 161 171 155 160 166 147 107 104 94 91 96 106 79 101 103 119 100 106 91 95 105 116 116 117 110 118 111 126 117 122 127 113 111 112 112 113 119 105 118 121 130 127 151 140 136 116 115 94 107 115 115 101 97 121 112 112 74 98 95 90 74 113 100 86 92 102 114 112 96 69 90 102 107
190 165 166 141 144 174 171 175 170 167 173 182 170 181 169 174 161 166 165 158 169 165 150 149 170 164 142 135 108 98 104 104 104 102 98 82 90 101 102 88 95 105 86 102 112 116 99 110 117 101 107 114 128 123 125 104 114 127 127 127 125 116 137 134 150 129 113 106 127 134 129 134 122 101 111 123 128 111 91 105 109 103 74 110 101 94 70 84 109 113 93 72 88 102 106 110
174 160 153 146 182 169 177 177 167 175 172 171 176 170 164 176 184 175 148 175 164 159 150 167 159 152 144 130 126 96 87 107 106 99 86 96 91 108 96 94 82 102 97 109 105 93 101 97 113 119 119 123 123 121 125 131 134 131 138 140 139 152 137 153 154 123 150 141 144 136 132 116 116 88 122 143 115 127 120 116 101 74 74 90 66 88 67 97 87 96 80 70 77 79 81 106
157 156 147 180 175 184 178 171 165 165 159 165 174 174 169 160 179 179 167 148 156 161 149 139 146 148 127 122 102 81 83 97 91 105 92 88 83 95 93 80 86 96 116 117 107 95 101 95 103 107 116 122 125 122 131 136 114 127 129 129 140 148 135 151 170 132 155 149 140 135 122 121 100 102 132 140 129 121 119 107 101 102 121 93 104 82 66 34 89 69 90 91 102 93 82 106
157 132 165 174 181 181 164 159 153 165 174 181 180 173 157 155 169 155 156 137 146 158 158 148 128 119 109 138 137 104 81 83 81 92 105 86 76 92 76 93 101 102 110 110 96 99 94 92 100 121 115 115 119 121 130 138 133 124 125 124 132 148 140 155 159 160 164 133 136 118 123 121 129 144 127 150 134 105 100 98 107 123 122 94 85 69 82 88 72 87 96 90 95 110 100 119
138 152 171 166 164 174 160 159 173 181 176 180 207 172 153 152 146 132 144 158 118 143 134 147 140 139 156 146 140 98 101 93 121 83 93 82 76 77 76 100 96 92 114 103 93 82 94 101 107 109 116 110 109 112 134 128 129 120 113 128 126 120 145 147 158 154 144 139 143 146 127 126 139 152 137 134 115 113 108 109 115 131 114 92 73 57 65 74 59 80 81 93 94 81 103 114
156 148 142 158 159 150 156 164 177 173 180 179 185 160 170 166 166 161 155 138 145 123 114 129 106 137 166 133 132 99 94 97 88 73 91 97 73 77 92 93 101 107 120 108 88 85 102 98 87 104 108 104 119 116 123 130 121 110 112 120 126 124 134 128 152 153 154 142 148 144 151 147 145 139 157 138 132 112 135 130 131 122 107 105 75 77 78 64 63 70 79 98 96 104 115 113
160 138 151 149 149 167 167 164 164 168 165 166 175 174 166 151 147 143 146 129 118 118 120 125 134 96 116 128 117 117 80 87 100 85 78 99 75 83 80 94 88 105 92 95 94 85 98 90 99 92 110 96 106 118 127 111 122 115 120 120 122 133 144 152 156 149 161 134 126 128 146 148 136 131 148 134 132 135 141 143 122 115 95 90 87 82 84 75 67 74 90 102 98 107 92 96
138 135 127 148 159 153 156 158 164 162 155 160 167 151 161 157 148 163 152 174 174 112 148 152 129 105 124 107 106 132 92 72 75 90 74 79 76 82 86 99 87 102 99 87 94 80 88 103 97 95 106 110 100 122 117 104 111 119 120 122 129 133 147 133 147 142 119 141 125 119 137 141 123 119 130 132 114 138 130 132 123 105 97 103 89 68 74 73 64 67 72 90 88 96 82 80
161 145 140 142 155 145 149 165 157 148 157 147 148 155 170 184 172 176 167 153 124 120 140 145 132 114 153 140 165 119 93 70 96 98 91 66 78 71 92 92 96 103 94 81 79 75 91 97 98 104 123 126 124 111 115 115 105 112 124 130 126 136 141 137 134 136 124 117 130 116 134 131 125 113 110 107 126 133 132 130 106 94 81 75 79 68 65 66 78 64 64 80 87 83 87 94
151 149 141 143 152 143 141 204 154 157 152 155 184 203 171 173 193 160 163 135 156 130 138 156 149 139 172 127 120 93 90 70 91 87 93 68 66 67 89 86 86 84 76 90 93 89 103 113 114 108 121 122 116 109 110 113 106 116 131 126 128 112 128 146 134 121 107 126 105 109 109 133 131 120 108 111 130 138 128 120 116 109 99 94 74 85 76 86 67 62 91 76 76 95 85 102
156 161 141 143 149 148 159 169 146 139 134 166 168 165 175 183 204 186 166 165 174 148 166 174 160 157 137 144 96 79 83 74 72 83 81 68 76 84 85 97 78 78 80 98 96 103 108 94 99 116 117 122 106 106 95 94 105 118 124 126 140 137 116 123 133 114 113 122 120 89 118 126 115 102 114 122 134 115 117 111 104 104 109 90 103 96 85 92 86 64 80 71 84 82 95 103
