tests/testdata/gmted/ds15_grd/ds15_grd
ncols        244
nrows        173
xllcorner    -79.270972238339
yllcorner    35.516527763135
cellsize     0.004166666666
NODATA_value  nan
[rows 0 to 45 of 173, columns 0 to 95 of 244]
226.0 227 222 211 215 216 211 219 215 215 190 213 198 210 212 214 215 219 223 214 203 210 200 203 207 209 213 209 196 217 206 202 226 232 234 236 222 221 215 207 207 237 212 211 207 203 200 190 196 185 185 178 181 188 194 201 197 193 190 192 171 187 187 199 193 179 172 199 192 198 221 214 195 188 186 183 180 180 167 163 167 158 160 163 181 210 210 143 142 143 143 130 147 149 156 164
214 222 226 212 215 211 208 218 218 217 212 212 211 209 215 216 212 218 216 215 218 216 215 222 218 220 219 206 211 216 204 205 208 224 232 239 214 220 215 206 211 204 202 208 204 205 195 203 205 205 185 194 190 194 195 193 187 192 181 171 180 192 191 194 194 180 171 179 200 205 217 199 201 191 195 188 189 175 172 166 177 167 164 172 201 206 199 164 145 147 130 123 129 148 155 156
213 219 219 212 205 203 211 210 219 217 217 217 218 216 214 212 224 224 226 228 222 224 215 218 222 221 219 213 215 210 210 218 226 227 226 220 222 225 214 210 202 208 208 205 211 201 198 204 201 188 189 197 193 198 207 203 204 195 185 185 188 187 193 191 186 181 178 188 197 210 231 203 201 190 184 187 185 180 178 168 176 173 162 177 185 209 183 155 152 151 152 124 129 154 163 182
206 211 206 207 203 219 210 207 212 217 219 219 221 225 224 226 228 227 226 220 219 223 214 217 215 228 227 217 220 229 218 223 221 219 227 224 227 215 213 204 202 199 197 203 195 192 198 200 196 198 198 210 202 195 202 195 201 199 197 186 191 196 189 189 181 181 184 191 203 211 208 208 204 185 177 177 183 180 182 183 178 168 165 181 184 180 153 158 152 142 153 129 151 167 166 170
212 196 192 206 202 207 212 209 208 207 207 215 225 232 218 224 226 225 222 217 228 219 225 217 229 226 222 221 218 219 216 223 220 219 216 222 221 216 218 220 209 212 204 202 199 196 196 201 196 193 188 199 199 198 198 200 200 190 186 195 185 191 196 194 189 190 194 192 206 208 195 197 210 188 184 181 176 171 175 177 174 166 175 170 177 208 175 149 141 142 144 135 155 179 159 181
217 213 207 206 205 208 204 206 199 205 206 215 229 221 218 223 225 223 220 219 216 222 225 226 229 220 223 225 221 213 230 220 222 212 208 211 214 208 215 211 203 206 207 211 199 204 200 195 199 194 192 187 200 188 192 203 196 194 208 185 186 195 202 200 189 199 192 199 199 206 193 192 193 175 167 172 178 177 168 178 168 183 167 169 176 189 166 149 141 139 141 131 145 153 184 172
214 214 201 201 199 188 200 210 206 209 227 220 219 213 218 219 223 220 223 216 213 214 232 224 228 218 210 210 209 217 218 222 212 205 208 204 201 209 208 207 208 207 207 208 204 207 196 201 205 202 199 188 194 199 192 195 190 198 196 200 197 199 198 183 184 184 189 194 208 212 208 188 187 178 170 174 176 167 175 184 177 191 184 180 174 173 168 153 145 146 156 147 138 158 168 167
203 200 195 188 191 195 202 220 218 212 214 218 215 207 211 218 219 217 216 204 209 214 221 222 229 215 213 215 211 218 215 217 212 207 206 207 207 206 214 208 197 209 206 200 199 203 196 197 201 201 199 195 187 193 178 194 193 204 199 198 185 198 195 184 181 190 188 200 209 210 201 199 187 190 172 168 171 168 172 174 184 178 183 185 167 168 158 157 157 148 147 144 128 162 171 161
206 196 189 193 200 202 210 222 218 222 209 211 213 207 209 212 214 210 212 203 214 218 214 221 217 218 204 206 216 214 217 220 212 213 212 200 194 197 210 200 200 207 213 200 212 205 196 193 191 197 194 194 194 183 181 198 191 191 207 191 188 192 192 182 191 191 193 209 202 208 232 204 186 188 178 165 169 168 183 177 184 175 184 177 164 154 162 171 167 163 152 151 129 149 150 150
205 187 189 197 203 210 211 216 215 211 200 211 210 200 204 220 216 219 223 213 218 219 209 220 222 213 210 207 214 219 211 218 217 212 208 203 198 200 208 202 203 207 206 202 216 210 202 202 193 195 200 189 195 190 197 193 195 187 209 200 192 187 180 183 184 177 205 214 193 204 221 194 192 177 177 166 169 173 179 184 189 191 162 164 155 149 155 163 165 155 167 157 123 128 153 167
181 183 200 203 208 205 207 210 214 201 198 204 198 211 216 226 218 214 205 199 205 215 219 224 226 217 208 210 207 207 212 216 219 210 205 209 198 201 189 196 201 191 195 197 195 206 213 196 188 196 184 195 202 189 184 195 183 204 199 190 195 190 177 179 182 191 190 205 191 189 196 174 181 186 170 179 175 165 192 177 187 177 152 150 151 148 160 169 173 169 164 142 152 120 147 175
185 187 199 195 196 198 210 208 215 204 202 192 203 211 212 221 220 218 209 214 209 216 217 220 229 215 221 211 202 201 211 213 224 224 213 213 205 200 196 189 196 195 200 198 203 212 210 207 202 193 202 202 199 187 194 187 174 200 194 194 197 194 186 190 190 187 204 192 182 205 203 182 171 186 190 183 162 167 168 168 192 173 155 155 144 154 167 193 178 167 173 145 178 163 125 167
196 189 195 191 204 203 207 211 219 207 199 189 202 203 218 228 215 210 209 209 212 211 210 225 224 221 219 220 218 206 213 217 222 208 204 216 207 197 203 200 194 183 200 186 188 208 199 205 211 211 212 199 199 192 191 196 201 186 186 186 197 183 180 176 188 181 178 186 180 203 198 165 168 175 188 168 163 169 178 166 170 155 152 150 146 157 181 183 170 155 160 153 171 156 147 170
179 185 200 201 206 212 211 207 211 204 190 189 204 209 209 216 215 207 202 213 201 205 215 219 227 215 206 218 209 207 198 210 209 210 209 211 199 195 197 205 204 201 183 187 195 202 198 198 199 200 209 191 199 199 198 194 194 188 195 189 184 179 174 175 183 172 172 168 176 173 157 168 178 171 176 185 160 168 180 170 158 171 152 147 149 145 151 157 180 154 178 162 169 162 165 114
182 192 200 198 204 214 215 200 210 203 190 201 214 202 215 220 216 214 208 203 207 216 222 213 210 214 216 210 209 202 204 208 212 215 200 205 210 198 201 203 202 202 195 180 193 198 195 194 189 209 221 206 197 190 195 186 193 199 190 203 180 180 174 190 179 178 183 183 171 177 171 178 173 181 166 167 158 164 173 161 166 157 151 162 143 142 162 152 162 152 174 182 176 178 174 171
189 193 197 198 204 213 211 205 205 184 190 210 211 210 222 225 213 213 202 195 206 217 204 211 219 207 221 219 206 199 200 206 204 212 202 210 201 203 194 195 193 189 201 193 189 188 189 182 199 207 214 200 186 192 184 188 185 192 190 183 188 181 182 189 181 173 183 180 171 177 173 198 173 182 178 147 171 167 161 164 168 150 150 163 149 142 169 148 148 152 200 199 180 155 157 148
185 198 198 207 210 212 213 199 188 190 200 206 213 214 220 223 207 207 203 202 212 203 200 211 221 219 207 213 203 201 184 203 208 210 211 206 210 207 203 188 202 203 208 209 190 187 184 183 192 194 207 199 186 177 181 178 178 187 191 170 183 185 191 181 180 171 178 178 191 185 176 191 178 177 162 151 165 158 156 147 151 143 159 179 183 166 134 135 131 158 189 174 150 165 154 159
195 197 203 201 201 209 206 196 186 194 202 212 212 226 219 219 222 212 198 194 190 193 216 224 210 214 217 207 201 209 201 203 207 209 215 205 196 202 203 203 216 209 200 203 198 190 194 198 179 198 192 182 184 180 178 170 178 194 173 160 187 178 195 190 169 175 169 177 183 190 187 179 174 164 162 170 154 155 158 148 144 144 165 170 183 154 139 126 136 142 151 176 175 162 159 148
203 206 208 204 200 201 199 181 183 213 209 203 208 205 213 214 224 213 213 207 196 193 207 206 204 206 210 209 198 208 189 200 208 212 211 197 213 194 208 215 212 214 199 200 199 198 190 184 182 177 179 181 181 181 177 179 179 173 170 159 163 169 189 173 163 159 167 180 186 187 183 179 178 163 198 173 158 147 151 150 144 166 171 188 179 140 141 126 134 154 145 154 159 170 147 137
202 198 206 197 197 198 188 194 204 207 213 208 214 206 210 216 216 225 219 214 214 209 187 195 193 202 204 206 191 189 189 201 204 206 210 211 205 204 218 225 219 200 201 208 208 203 201 191 179 183 192 166 168 174 167 189 161 167 172 182 176 168 154 165 158 160 183 180 194 179 178 173 171 191 185 162 173 162 144 144 171 161 177 186 173 174 161 138 130 130 145 149 174 158 142 141
194 198 194 188 184 195 183 189 200 199 209 208 204 206 217 214 224 224 209 220 207 204 204 184 197 216 212 203 203 189 207 207 214 212 216 219 208 207 213 218 212 215 210 207 198 192 189 190 195 186 176 179 176 183 173 178 167 183 179 180 175 163 177 178 155 161 167 161 162 166 164 168 193 179 166 149 162 153 135 140 181 185 193 172 162 152 142 133 123 127 137 140 146 149 153 140
177 176 172 191 192 189 201 197 201 191 201 201 217 215 215 219 222 217 201 205 206 206 198 194 194 202 200 199 190 190 207 213 209 212 220 220 223 218 222 217 197 207 193 196 198 203 197 198 188 185 177 184 183 179 189 192 178 186 178 179 172 175 182 182 154 150 157 155 167 158 161 165 164 155 146 146 157 158 138 139 193 193 173 174 145 171 131 130 130 125 118 124 160 144 134 140
170 192 190 198 199 198 207 207 204 208 196 203 216 223 217 220 225 210 217 218 209 207 209 195 192 197 196 185 188 190 207 202 211 209 219 216 214 216 214 211 195 214 197 192 190 193 197 193 193 191 184 189 190 197 192 190 195 192 184 183 175 189 183 175 177 168 159 167 152 153 157 162 150 149 172 162 177 146 129 151 159 164 156 134 157 146 133 129 131 135 127 127 156 123 140 148
188 200 204 197 203 206 208 211 205 200 210 217 216 211 219 211 215 214 219 217 210 205 208 203 182 191 194 185 207 215 215 200 206 202 205 215 225 210 200 198 211 211 206 204 191 187 187 192 184 182 188 198 196 185 186 184 180 171 170 169 174 205 178 182 179 170 177 160 163 156 168 173 171 168 196 174 156 150 150 137 145 145 158 164 139 128 119 102 121 127 124 117 135 110 129 136
197 201 200 204 206 202 205 211 206 211 209 218 211 222 220 208 226 209 216 216 205 203 210 203 196 195 183 186 196 198 205 208 212 214 214 227 214 210 202 204 215 209 210 205 202 189 190 191 193 182 191 190 185 195 180 189 174 190 188 184 191 191 191 182 170 168 187 178 183 173 208 197 177 188 188 166 149 141 147 141 156 178 170 163 156 133 136 120 124 110 110 110 110 110 132 122
193 193 196 205 201 216 209 212 204 198 215 217 216 220 221 210 215 209 211 197 208 192 196 198 193 188 183 191 187 199 199 214 218 213 210 212 228 218 210 207 224 222 206 203 191 202 193 193 196 185 177 174 175 181 185 177 183 187 174 171 194 186 174 182 179 172 190 190 185 198 204 194 201 197 169 160 157 153 172 186 152 175 169 159 141 159 135 131 123 119 133 126 128 110 110 110
191 187 202 205 194 208 202 198 202 207 214 208 206 206 222 224 212 219 204 208 212 208 200 200 211 204 197 177 203 203 203 215 210 206 209 227 225 211 217 210 206 213 208 196 193 197 202 197 195 185 194 197 186 196 191 184 184 175 181 191 190 193 172 172 162 170 188 194 201 196 195 213 212 179 161 153 151 161 188 187 187 166 156 151 150 157 143 137 130 133 136 138 129 131 131 110
182 196 187 190 190 199 193 200 202 199 211 206 208 219 227 224 217 220 220 215 212 207 207 211 207 199 199 194 193 200 195 202 209 200 221 225 204 200 205 218 202 205 204 186 206 187 198 200 191 193 202 195 204 192 182 189 192 190 183 179 169 193 174 169 158 171 176 192 190 184 199 205 181 162 150 149 170 171 179 190 199 168 173 158 149 141 134 140 140 139 139 140 147 134 112 112
175 181 181 189 197 192 203 207 201 191 192 194 218 225 218 229 228 219 216 222 218 219 205 205 207 206 205 193 181 195 190 195 205 220 218 214 210 208 199 204 208 195 197 200 184 182 201 187 194 193 193 200 196 199 190 190 189 211 186 167 182 176 164 161 165 163 180 177 180 172 177 182 174 160 155 174 167 210 227 205 179 175 160 155 170 147 137 143 152 140 127 139 136 134 110 128
195 196 202 181 193 205 213 207 217 213 203 201 214 209 211 219 217 216 214 206 210 212 201 201 208 199 203 195 180 202 195 204 204 205 215 220 208 203 200 201 202 195 188 194 182 199 187 186 198 194 201 177 184 191 200 195 193 176 164 160 173 158 154 147 151 163 176 154 166 174 190 197 180 180 173 192 176 208 201 205 185 159 167 152 144 144 148 153 138 144 134 130 127 123 110 110
197 200 201 196 191 193 212 204 211 217 219 216 215 216 211 224 219 225 220 218 206 214 201 198 204 191 197 188 196 190 202 191 190 206 197 211 200 206 197 192 189 197 188 190 188 175 185 179 186 184 190 172 177 192 187 188 182 168 162 155 157 146 165 145 146 149 174 161 193 219 211 196 185 174 196 188 192 199 202 220 199 154 176 155 161 154 157 152 149 135 134 138 130 136 124 110
198 191 202 204 202 201 195 214 207 211 217 219 213 210 213 217 214 213 223 225 215 213 207 205 195 194 199 195 176 190 194 195 198 188 198 213 212 205 199 204 186 180 182 196 176 180 191 176 195 179 176 169 179 188 191 173 174 167 154 152 158 189 189 161 150 193 198 202 205 209 206 208 190 189 199 202 194 197 186 197 160 155 158 155 148 153 143 142 145 138 138 134 122 122 110 103
209 196 201 199 211 211 216 195 202 202 210 218 221 224 217 208 207 220 209 214 211 208 207 209 192 197 195 195 195 188 181 182 191 190 215 216 209 197 206 208 179 193 177 171 167 169 169 179 187 175 173 164 179 187 184 180 163 165 187 176 182 225 198 154 164 174 210 225 232 215 202 188 191 200 183 194 181 192 187 180 154 151 163 141 146 149 139 145 139 137 133 118 107 100 103 105
209 201 204 207 205 205 211 221 202 214 207 216 219 222 209 206 204 215 212 204 204 213 204 213 200 205 202 201 196 189 189 181 191 201 206 211 212 207 200 192 194 173 192 189 174 171 156 177 173 173 165 169 172 175 180 180 182 185 171 190 192 196 164 147 166 178 207 206 216 224 188 181 189 175 168 178 169 168 160 161 151 146 144 130 139 149 137 136 132 128 128 116 110 101 94 87
208 216 208 208 212 207 214 216 212 211 216 215 219 221 224 223 202 198 201 197 200 203 207 205 200 196 194 193 192 193 178 195 210 199 216 206 216 207 201 197 197 195 201 186 177 175 170 164 187 169 165 158 156 162 178 193 179 177 204 182 181 194 165 141 162 197 193 193 184 183 186 189 171 170 172 175 168 184 186 173 146 144 133 134 150 142 142 142 139 140 131 119 99 109 99 100
210 214 208 215 211 208 215 216 211 223 224 217 230 225 220 214 206 205 200 203 192 197 209 197 189 193 184 191 176 177 171 200 196 196 220 210 198 200 201 193 203 196 194 183 195 200 180 161 161 162 161 158 167 185 177 170 162 167 195 174 172 213 169 148 179 180 181 192 167 178 186 170 172 169 168 168 163 189 166 156 145 129 129 135 138 140 134 134 138 132 128 123 117 116 114 108
212 199 202 208 197 207 217 216 219 220 220 220 223 221 218 220 219 211 209 201 203 203 192 189 202 189 196 199 185 190 187 185 203 189 206 197 189 199 192 210 202 184 177 172 181 188 185 182 168 166 157 171 152 156 172 158 153 147 170 167 171 163 139 148 181 179 178 175 168 179 173 182 155 159 172 151 171 179 162 152 145 147 133 116 128 121 130 121 125 114 110 113 117 117 112 120
203 201 198 192 208 202 211 217 210 213 215 222 215 221 220 215 213 214 215 204 199 206 208 198 201 198 202 187 181 198 180 175 184 196 190 186 186 188 185 200 192 186 186 174 178 185 169 171 161 160 185 168 182 170 158 162 165 190 198 163 205 198 149 138 170 165 174 165 171 176 166 170 155 151 153 141 161 145 139 143 142 133 131 126 106 128 129 113 119 103 93 101 113 101 106 116
197 192 204 194 203 204 202 210 209 221 221 225 221 215 206 203 210 208 213 201 198 202 207 194 200 206 206 193 186 203 201 181 182 179 185 191 189 169 193 180 181 174 168 170 163 160 173 164 171 197 178 184 208 178 181 180 206 210 222 166 214 181 146 135 158 157 160 170 162 169 167 150 144 145 145 144 138 134 135 127 127 118 132 119 105 105 100 97 86 85 95 95 85 89 86 93
194 187 196 209 211 198 208 216 216 221 218 228 210 217 213 210 199 213 207 199 200 198 193 187 199 194 194 194 202 194 193 176 172 177 176 190 182 170 166 165 159 156 154 157 165 160 157 178 192 198 195 198 207 209 208 196 199 213 199 169 152 141 133 142 149 163 165 163 155 156 152 140 148 130 124 125 130 116 116 111 99 113 121 110 127 105 101 88 88 92 92 85 86 95 87 96
197 189 198 196 195 199 216 211 215 214 221 219 225 216 206 198 203 210 201 199 195 200 197 203 195 183 187 203 196 197 181 172 162 178 161 179 168 152 158 185 179 173 171 166 164 196 181 216 216 206 184 197 230 233 226 214 209 201 193 174 164 141 140 138 161 176 159 158 166 142 136 132 134 126 122 116 121 127 131 123 123 114 123 131 95 96 106 107 105 97 90 91 90 82 97 102
189 189 190 187 193 199 205 208 215 214 222 223 211 210 209 201 194 193 202 190 187 193 184 183 184 181 191 172 182 171 183 181 169 175 166 185 218 210 196 176 181 194 193 169 169 190 196 209 206 204 187 213 211 205 223 223 214 200 176 161 145 135 146 144 166 162 157 174 169 151 135 127 134 134 118 127 132 133 131 126 131 112 107 99 116 129 119 110 117 109 107 125 99 91 89 97
186 179 184 202 195 196 202 216 216 218 212 217 214 208 203 195 201 197 195 200 184 200 223 204 186 204 202 190 172 188 182 176 180 179 182 219 216 195 179 183 181 202 206 168 182 184 183 195 206 209 194 202 204 209 225 208 217 211 178 166 150 138 129 146 158 175 152 178 151 137 120 122 137 122 141 143 144 136 145 136 115 102 96 104 106 111 120 119 108 122 122 120 111 104 92 107
179 198 188 193 205 201 222 220 212 215 213 210 211 204 205 206 201 202 200 186 212 210 207 192 206 202 187 187 184 182 190 179 180 185 195 216 228 222 207 190 186 202 198 192 194 191 202 202 195 200 196 198 210 196 198 198 223 169 161 148 146 152 136 153 151 151 151 140 126 120 129 135 137 132 142 146 140 127 131 112 108 120 99 102 121 121 126 137 118 118 115 98 101 90 92 105
173 198 203 196 193 196 209 207 222 194 211 215 216 211 204 200 192 193 207 202 205 208 206 202 194 185 178 192 199 181 193 186 195 217 200 224 233 220 212 200 200 193 180 198 197 193 198 184 196 200 203 214 201 199 195 182 169 163 148 150 151 146 132 138 140 145 140 136 118 133 131 143 135 137 144 153 147 159 134 125 119 111 99 115 120 125 122 118 126 123 109 103 109 95 123 120
190 204 193 202 208 203 209 196 193 198 204 212 209 207 202 211 204 218 212 208 195 202 202 201 189 212 207 206 194 178 190 193 211 213 202 218 236 233 219 215 204 184 197 196 215 195 192 191 176 199 193 191 188 219 219 205 172 152 146 147 145 143 124 140 126 143 136 136 128 137 150 138 133 157 154 165 158 160 130 136 123 119 105 102 108 122 118 129 114 118 109 106 99 110 108 114
