tests/testdata/gmted/ds15_grd/ds15_grd
ncols        244
nrows        173
xllcorner    -79.270972238339
yllcorner    35.516527763135
cellsize     0.004166666666
NODATA_value  nan
[rows 92 to 137 of 173, columns 0 to 95 of 244]
167 155 156 154 147 135 143 120 142 142 137 148 164 181 162 140 134 139 133 135 137 149 141 139 141 166 174 173 195 183 173 166 179 183 186 187 167 188 182 170 158 152 146 163 173 169 179 168 178 157 114 96 113 141 160 114 90 84 85 87 90 94 85 66 80 76 83 84 83 70 68 68 69 74 84 93 89 83 72 83 78 95 87 94 90 88 83 84 83 90 86 88 96 110 95 94
160 165 158 158 151 142 153 128 138 140 152 158 164 159 145 138 140 122 125 131 118 134 141 149 147 151 147 174 183 174 164 157 175 183 178 183 180 172 174 183 182 180 177 170 160 171 175 157 143 112 95 148 154 178 126 88 84 81 78 85 91 89 82 71 70 72 83 85 75 68 68 68 83 84 91 92 83 83 74 89 93 83 103 105 110 95 91 93 89 104 96 115 96 90 99 95
153 153 150 159 155 153 135 130 137 136 150 176 177 186 140 141 130 133 122 129 151 145 149 152 148 155 157 173 164 169 165 166 172 186 177 192 184 186 173 175 177 179 170 165 167 161 155 125 120 113 122 147 191 166 124 98 90 86 73 90 88 89 90 67 69 69 82 88 78 68 68 76 77 92 94 85 86 80 70 99 91 101 112 102 100 103 108 105 114 104 104 109 114 101 101 101
160 156 151 149 151 158 151 140 128 148 150 159 180 147 132 137 124 117 121 138 144 147 149 156 148 134 152 155 177 162 143 156 175 172 176 177 176 176 171 163 188 180 169 150 140 130 140 156 142 124 133 198 159 143 116 93 91 89 85 72 82 87 87 68 68 68 79 89 83 74 68 68 82 89 87 86 82 75 69 82 91 94 99 91 102 94 91 97 104 105 105 111 112 92 102 115
165 154 148 156 150 157 154 147 147 129 124 133 133 128 131 124 134 116 127 147 141 144 134 142 146 137 148 159 165 148 149 162 164 158 170 167 157 155 156 158 166 177 162 151 157 156 164 169 155 160 151 135 118 112 94 101 92 79 91 86 68 85 82 89 68 68 82 86 92 73 68 68 86 89 72 67 70 74 83 73 86 91 85 90 85 89 95 110 107 101 119 101 112 114 115 104
151 155 145 141 150 151 160 145 123 127 129 137 143 146 115 115 145 137 134 131 133 133 133 127 143 153 187 165 163 158 157 163 143 166 173 172 154 153 157 144 140 149 152 167 165 172 166 162 171 127 149 153 143 106 90 91 86 83 88 87 85 66 68 68 68 68 82 90 94 79 68 68 77 74 68 69 65 82 86 90 78 79 84 87 88 90 105 113 103 112 107 112 113 116 115 113
155 150 152 152 140 142 143 149 126 135 140 150 143 134 137 118 137 129 122 133 140 139 138 159 156 157 170 182 174 142 140 141 137 156 166 170 167 170 154 152 138 162 166 174 174 177 141 136 155 118 161 175 136 118 87 95 80 89 76 83 88 81 86 84 68 68 70 84 85 68 68 68 68 69 68 81 90 87 92 98 98 84 83 89 90 97 80 90 93 102 94 106 108 107 112 114
149 155 138 145 137 137 132 134 146 162 158 145 152 167 171 129 122 126 143 123 129 149 156 152 153 148 169 165 169 162 139 128 144 145 155 173 159 162 142 132 129 151 161 165 171 158 157 145 125 114 118 120 101 87 83 94 90 75 73 82 88 86 87 84 72 68 68 86 68 68 68 68 76 80 88 87 92 97 91 93 102 94 89 97 84 92 105 102 103 108 106 107 115 111 110 118
148 161 153 150 148 144 153 156 156 164 155 146 154 162 174 152 124 113 124 119 119 148 153 137 145 163 167 165 164 162 154 133 132 167 181 160 145 152 149 138 122 134 149 151 157 172 149 122 146 125 128 105 82 89 82 80 75 75 68 81 93 83 83 81 69 68 68 83 68 68 68 87 89 83 86 90 91 88 75 86 103 103 95 102 100 85 89 96 93 105 88 112 99 110 115 119
144 150 156 162 155 143 146 157 161 157 147 157 152 159 144 147 141 137 134 135 114 155 149 135 152 158 142 152 151 160 159 147 131 146 160 148 143 146 130 132 128 136 140 155 157 144 149 159 144 117 118 93 89 85 87 66 68 87 68 84 91 90 79 83 68 68 68 68 68 68 69 68 70 81 79 83 81 83 95 96 90 100 94 107 109 103 85 95 85 93 86 91 105 109 120 125
154 157 159 159 156 152 155 157 157 158 157 152 145 159 152 158 170 157 138 132 118 119 124 145 156 151 140 153 153 150 140 127 159 166 162 164 142 134 129 119 130 139 151 147 140 136 131 147 129 113 88 79 72 71 80 85 95 92 68 69 87 85 79 68 68 68 68 68 68 68 77 89 89 84 88 91 104 83 81 102 109 106 98 106 110 111 106 107 95 101 110 104 113 106 116 122
159 153 157 154 153 159 154 155 147 154 154 146 166 138 145 134 141 161 144 134 129 114 134 147 145 138 129 141 139 132 138 162 174 167 161 140 143 138 130 118 133 138 152 135 140 119 129 118 100 93 78 83 88 99 106 129 122 83 71 68 83 85 80 68 68 68 68 68 70 73 73 84 92 91 92 91 92 98 98 85 102 113 115 108 119 114 118 105 98 110 105 115 119 115 119 116
174 166 170 163 151 156 156 154 145 157 158 154 146 142 152 142 147 136 133 130 124 105 152 157 145 136 125 131 147 143 152 173 178 174 156 143 135 130 112 122 139 144 146 144 133 143 132 130 99 90 95 102 114 122 122 124 98 100 84 68 81 80 73 68 68 68 68 69 75 84 88 83 79 83 87 86 97 94 105 89 96 103 112 109 116 117 115 111 110 104 114 109 123 117 117 125
164 167 160 153 157 163 150 143 138 150 142 141 142 163 161 168 169 157 143 126 129 102 138 130 146 159 130 151 150 154 156 161 166 158 150 144 152 122 112 129 134 140 142 140 137 123 127 108 100 115 126 128 132 127 121 109 100 90 91 68 68 68 68 68 68 68 68 75 82 91 87 94 85 89 84 102 98 105 105 107 107 114 105 117 118 118 107 95 104 119 102 103 114 113 109 121
155 150 159 160 157 151 147 144 154 155 156 158 156 165 192 186 182 166 152 126 127 127 110 134 148 160 145 122 155 188 160 145 143 139 144 137 129 125 109 125 128 134 136 144 132 130 123 129 149 158 149 133 132 120 113 124 115 93 86 68 68 68 69 68 68 68 89 90 88 91 88 91 91 99 88 92 103 102 112 114 116 111 115 118 110 109 106 104 110 107 94 93 103 102 105 109
155 165 165 148 145 148 143 160 154 173 164 167 194 173 198 176 151 143 144 157 133 157 122 108 139 145 114 126 131 150 140 137 128 140 146 134 131 122 121 126 116 119 136 147 134 127 146 143 171 163 155 148 141 137 131 123 116 85 80 68 68 68 70 73 84 85 82 85 92 92 94 95 100 99 103 100 101 112 99 105 98 112 110 114 113 107 101 103 109 106 96 107 109 116 117 119
155 156 147 153 164 158 158 153 170 170 165 176 194 185 180 171 163 153 160 163 146 174 126 123 117 110 131 129 153 138 133 137 142 141 146 146 150 159 145 129 116 135 147 148 155 150 166 173 176 152 143 148 134 138 118 109 92 69 68 68 68 72 74 68 68 79 79 90 94 95 100 94 106 95 100 108 96 97 93 90 97 98 107 118 110 102 96 99 100 85 99 103 116 117 116 119
147 157 156 149 183 182 164 164 161 167 162 162 159 171 155 158 169 177 166 172 159 174 154 164 126 123 113 99 114 135 122 133 151 157 156 176 146 134 109 116 125 131 132 140 148 167 175 180 156 142 132 131 119 113 96 82 74 68 68 68 68 84 87 92 87 80 78 86 87 99 103 90 100 105 103 91 101 84 100 101 109 106 107 106 117 104 92 97 90 88 103 107 105 109 96 99
157 154 178 171 180 173 164 160 155 166 172 159 154 156 156 153 148 144 163 146 159 165 159 146 122 127 108 122 120 99 119 139 142 133 141 127 112 109 131 153 150 126 128 144 161 152 174 172 137 136 125 124 127 113 94 86 68 68 68 68 75 78 80 91 93 91 88 83 92 95 90 91 99 99 101 99 97 89 93 102 105 110 111 106 108 96 84 84 83 84 91 87 91 95 106 115
167 174 169 182 165 169 164 160 151 172 180 158 150 162 147 143 140 144 144 145 139 153 145 138 123 139 130 122 127 116 97 119 133 131 121 101 110 119 149 180 154 140 137 134 147 154 158 144 127 120 122 110 104 86 77 78 68 68 68 68 68 73 82 89 99 97 92 92 97 89 86 91 102 96 99 101 91 91 97 109 110 105 106 100 103 83 81 102 99 97 106 106 95 100 105 115
176 163 166 161 161 160 161 155 153 157 149 141 149 141 147 137 147 134 136 137 131 136 123 131 148 148 129 142 145 137 117 91 111 105 93 116 115 126 150 166 162 151 153 141 156 160 139 146 118 104 103 116 103 82 68 84 69 68 68 68 74 83 91 90 89 100 90 82 91 75 98 105 99 93 99 91 81 95 101 92 103 97 107 89 91 85 85 89 94 99 110 115 115 116 116 117
156 160 158 163 156 147 149 158 149 152 153 142 165 153 149 144 158 150 148 141 137 129 132 131 142 147 142 136 130 112 111 121 94 96 117 128 140 148 169 177 177 174 169 140 140 156 174 146 123 114 114 102 84 67 87 68 79 68 68 68 74 78 87 82 87 86 86 85 73 90 91 95 89 95 97 91 87 99 87 90 91 102 100 93 87 84 96 100 105 102 106 105 120 124 125 128
155 157 158 152 148 143 150 160 152 148 148 159 158 151 149 156 147 143 143 141 146 142 141 155 152 137 140 122 121 111 113 115 111 97 113 147 162 141 135 155 179 182 172 147 157 139 139 132 123 125 114 96 81 80 89 71 68 68 68 68 73 88 80 80 93 80 88 92 87 82 80 90 81 82 88 82 94 95 90 96 103 94 98 86 83 84 96 105 111 117 113 116 128 130 130 126
159 144 157 149 146 139 148 151 160 157 147 155 148 147 160 147 144 160 157 143 147 166 159 145 151 134 123 128 122 120 110 113 106 101 86 113 123 145 146 177 176 168 144 162 153 153 124 113 112 103 92 102 90 88 86 73 68 68 68 68 75 86 88 72 78 79 79 77 72 76 80 68 68 69 72 72 74 77 73 83 82 80 82 84 94 99 96 112 117 124 119 129 117 121 128 116
157 151 145 148 151 144 148 152 151 150 156 148 159 156 165 155 153 185 178 142 152 154 145 148 140 158 145 157 141 154 146 145 137 125 118 100 115 124 135 134 125 128 151 133 141 127 127 123 136 137 107 102 80 80 84 84 68 68 68 69 85 80 72 68 68 68 68 68 68 68 70 68 76 87 77 84 89 88 81 84 87 88 95 95 85 104 113 111 112 113 116 115 111 117 116 108
164 157 147 148 149 153 152 150 155 153 154 154 149 152 174 176 175 166 155 152 166 172 168 159 148 149 171 173 170 166 167 158 116 142 117 110 100 122 114 132 130 136 138 122 128 126 131 139 140 127 114 108 88 68 77 81 65 68 68 68 68 68 68 68 68 68 68 77 83 93 94 92 84 96 97 95 92 105 93 94 97 96 98 104 101 110 106 113 108 110 116 114 114 111 99 110
154 156 146 141 140 142 143 141 157 159 146 148 144 152 150 150 148 162 157 173 171 164 155 169 162 169 167 169 149 153 150 155 163 147 153 128 97 99 115 120 132 120 117 111 121 129 133 131 131 131 115 102 90 72 68 80 78 68 68 68 68 68 68 82 82 86 81 82 90 93 87 95 96 96 91 96 103 98 101 100 101 102 107 100 108 108 95 101 108 116 115 106 111 91 113 128
146 149 147 149 147 143 152 154 163 152 157 146 142 150 140 166 163 170 162 165 154 141 151 165 167 183 177 186 174 177 165 178 171 165 157 114 97 86 93 113 133 118 112 124 132 125 142 126 117 119 104 94 89 75 68 83 83 68 68 68 68 78 95 90 88 83 94 88 93 87 95 106 93 93 100 105 107 98 95 92 103 104 98 103 102 97 99 104 100 102 103 107 110 98 114 129
145 155 152 153 144 155 149 148 165 175 159 136 143 138 146 174 161 154 158 152 147 139 156 151 183 161 186 176 158 166 172 175 168 161 129 127 116 125 84 101 122 98 111 125 139 137 153 151 140 132 128 111 86 69 68 71 75 68 68 68 68 73 73 87 91 90 90 85 94 92 97 88 83 101 96 96 93 99 89 97 99 104 92 101 96 89 98 93 107 107 106 103 89 107 116 115
174 156 157 159 152 138 144 148 156 156 154 138 135 144 136 146 141 135 136 141 138 129 150 141 152 151 162 147 140 145 158 149 143 150 147 148 143 126 97 77 102 128 128 128 140 142 142 136 130 129 116 115 93 73 68 68 82 68 68 68 76 83 88 92 90 96 92 101 93 84 88 83 88 96 99 98 93 101 94 80 91 87 83 83 87 97 104 108 103 99 94 95 93 92 113 123
168 152 155 149 143 137 141 144 141 143 145 141 136 138 135 130 131 133 124 134 125 128 147 150 149 138 142 155 148 133 135 133 129 135 136 128 131 119 132 107 76 93 98 119 130 136 141 134 125 119 107 104 82 83 68 68 76 68 68 68 68 79 91 96 89 84 94 89 92 92 80 90 96 92 85 81 92 94 81 88 84 86 90 94 101 107 95 99 90 82 102 106 108 110 110 115
160 159 152 140 144 147 148 134 138 145 152 142 132 135 127 125 132 134 125 125 132 122 134 123 127 127 136 140 124 122 117 120 120 115 122 131 115 121 129 122 107 71 101 126 114 121 125 130 119 120 109 89 80 68 68 68 68 68 68 68 77 86 80 87 84 74 90 90 87 87 81 94 99 102 90 84 97 88 74 77 81 82 80 89 89 89 87 84 100 102 105 112 122 117 132 129
155 162 174 148 158 149 146 137 137 146 148 140 144 142 139 125 125 127 134 121 126 115 121 116 117 115 122 123 126 126 123 114 111 108 112 115 118 112 108 104 106 104 68 94 107 113 112 117 108 112 92 88 68 68 72 68 68 68 68 68 68 68 84 89 80 82 84 85 89 82 83 93 93 91 87 77 82 69 82 78 89 90 78 79 81 86 94 89 93 97 109 113 102 128 132 130
170 152 173 169 150 145 142 132 137 158 155 149 148 140 140 130 129 120 118 129 115 108 111 115 110 105 121 122 116 122 114 107 104 105 109 109 111 113 99 98 110 99 68 82 89 105 112 115 108 108 103 81 80 68 68 68 68 68 68 68 75 83 91 82 81 81 78 76 70 73 87 88 85 77 68 76 77 83 84 95 96 95 99 105 91 97 87 104 92 93 95 98 113 114 127 125
149 158 143 145 148 145 131 142 148 148 145 156 158 144 139 136 123 130 133 137 124 119 125 124 123 114 118 112 114 109 120 109 107 92 108 112 104 110 114 121 113 123 108 82 68 92 98 101 109 95 83 86 70 68 68 68 68 68 68 81 89 85 88 83 86 68 68 68 68 68 68 68 68 67 70 75 84 94 98 83 90 100 103 97 107 106 103 105 95 103 106 99 117 121 122 117
131 147 134 145 142 143 127 129 139 135 140 143 139 136 138 138 123 137 142 125 124 124 118 107 115 113 105 101 97 97 110 95 99 99 103 84 90 99 109 110 81 110 97 109 68 87 97 90 81 83 88 83 74 69 68 68 68 68 68 80 82 90 75 85 68 68 79 81 77 70 74 80 84 85 84 89 97 82 100 99 94 95 101 104 113 107 107 112 110 117 121 107 123 123 114 112
131 137 142 148 140 130 132 145 147 141 144 160 149 149 172 140 135 125 132 128 124 113 115 114 128 124 112 114 122 125 105 108 105 119 127 118 105 80 87 75 91 87 98 98 76 84 97 74 75 68 82 82 68 68 68 68 68 68 68 68 80 76 74 68 78 83 82 80 84 84 86 86 82 89 89 91 91 101 101 104 101 108 103 99 112 106 114 110 115 125 118 114 125 108 104 109
139 135 138 149 139 133 127 128 178 145 149 159 167 150 142 144 146 124 121 127 132 128 129 130 127 127 119 116 115 117 127 115 119 117 128 119 100 125 131 121 108 124 127 112 110 68 73 76 79 68 77 68 68 68 68 68 68 68 80 68 68 68 68 76 89 81 95 84 90 90 93 96 89 96 94 99 94 102 98 103 97 112 107 106 99 108 116 108 114 115 115 106 116 116 118 105
142 127 138 131 133 132 126 133 135 141 139 159 156 136 133 129 126 129 126 128 140 144 142 128 141 128 127 123 126 145 127 121 121 126 144 132 127 130 139 128 130 127 111 96 73 68 68 71 82 69 68 68 68 68 68 68 69 102 93 83 68 83 85 68 70 80 71 73 87 87 92 92 92 96 98 93 96 89 94 94 92 100 89 87 103 112 118 113 118 110 118 122 105 111 106 92
126 130 139 139 135 112 125 127 135 142 142 138 139 134 130 127 135 131 128 129 141 140 160 147 142 136 144 129 134 153 159 146 145 147 134 132 129 129 106 107 108 99 91 89 68 68 68 68 82 86 82 68 82 68 68 70 88 107 101 84 68 82 90 67 68 68 76 68 77 83 94 86 92 87 98 84 90 77 85 96 92 95 103 109 110 116 105 106 110 120 118 113 94 100 99 87
121 129 138 139 125 122 133 132 145 151 136 131 130 151 144 143 133 128 150 148 157 161 147 153 143 139 128 137 159 160 159 165 150 167 165 142 139 131 114 96 86 108 79 69 68 68 68 90 99 87 91 68 101 71 68 96 109 112 93 76 68 91 86 84 96 79 87 83 68 79 70 78 80 76 80 83 95 90 97 98 102 97 107 108 103 107 93 99 104 112 98 108 88 95 100 89
122 121 122 126 122 116 127 138 136 142 145 136 125 140 139 138 138 136 141 158 159 149 152 145 137 138 133 138 164 157 158 156 162 143 143 131 119 110 116 118 100 71 77 95 101 97 68 101 84 68 68 87 117 80 68 102 107 102 91 68 75 68 78 80 87 84 88 89 81 94 82 84 85 92 92 94 103 100 95 106 106 105 106 98 92 105 89 111 106 99 107 96 93 98 100 83
114 119 121 114 131 136 130 130 133 134 137 130 126 138 128 130 139 153 158 158 153 164 147 152 139 137 137 144 152 162 143 134 152 159 152 142 137 118 90 90 78 95 92 115 128 104 68 94 98 68 89 81 108 91 89 102 95 90 82 81 90 84 81 91 85 82 88 90 85 89 96 86 85 87 94 99 98 105 103 105 106 106 110 93 94 97 100 102 112 95 97 93 78 92 84 92
109 120 133 119 130 122 130 140 126 124 142 130 118 125 130 138 140 148 142 162 156 160 162 151 150 157 145 141 145 149 139 129 140 147 126 126 110 120 105 80 88 113 110 114 104 87 68 98 68 68 85 108 137 93 92 98 88 89 84 86 89 86 85 84 91 90 89 93 98 97 90 87 84 88 96 104 103 105 101 102 98 109 94 91 90 87 89 96 103 91 91 100 79 76 79 77
108 113 120 111 128 132 134 129 128 122 119 117 124 129 139 129 159 147 149 134 149 151 154 153 157 142 132 128 134 127 121 119 122 127 117 114 122 111 97 89 102 114 132 130 131 105 82 68 68 68 91 99 107 81 85 87 85 78 74 83 91 84 89 90 93 98 98 102 98 99 93 91 84 101 99 97 107 106 94 94 95 94 101 93 87 96 101 96 88 101 84 96 79 86 96 95
111 112 108 117 123 129 124 124 121 113 118 123 137 151 125 129 128 125 129 131 148 163 150 152 132 124 137 156 151 143 125 128 114 102 100 102 96 96 87 104 111 129 128 101 104 91 80 68 68 69 106 101 81 76 82 88 77 70 74 78 84 87 97 97 87 94 88 95 104 99 97 93 93 103 107 95 86 98 106 88 91 93 99 95 90 93 101 95 102 82 79 81 82 93 92 110
