tests/testdata/gmted/ds15_grd/ds15_grd
ncols        244
nrows        173
xllcorner    -79.270972238339
yllcorner    35.516527763135
cellsize     0.004166666666
NODATA_value  nan
[rows 0 to 45 of 173, columns 96 to 191 of 244]
181 170 183 192 178 178 171 178 168 165 162 163 163 160 172 165 153 163 152 148 143 156 154 153 157 158 160 167 169 175 166 167 174 152 152 160 146 146 145 147 139 155 147 135 132 136 134 137 131 119 114 112 118 121 118 129 135 135 133 132 125 121 120 109 111 113 115 119 112 121 122 127 134 118 131 142 150 141 143 124 128 129 131 121 118 109 110 111 94 89 90 88 93 99 108 119
171 182 170 166 163 177 181 173 173 157 159 165 160 157 157 164 163 147 144 132 143 158 158 158 146 156 166 158 181 219 172 157 153 147 154 155 156 151 158 154 149 144 140 131 133 129 123 118 119 117 125 118 122 117 118 129 127 129 129 135 113 109 110 101 115 121 126 117 110 125 109 115 124 135 161 143 138 133 138 123 119 130 127 131 124 115 111 115 94 103 115 105 83 98 101 116
179 186 212 167 165 172 175 173 161 156 152 154 154 157 157 156 156 149 142 139 149 152 149 154 143 151 159 156 175 171 174 162 161 159 156 159 159 148 147 153 144 138 131 137 140 138 131 127 126 132 134 129 127 130 115 124 119 134 122 111 106 103 101 110 112 120 118 121 119 121 124 124 130 147 141 146 134 125 121 120 130 123 120 126 132 122 121 108 110 116 118 110 92 101 103 118
187 211 220 191 147 151 176 178 181 158 159 154 148 153 156 155 151 144 137 134 143 142 150 149 139 144 157 157 173 166 161 164 162 161 158 156 150 144 142 151 145 133 144 141 146 143 145 136 137 145 146 140 135 123 130 110 112 97 103 105 98 111 106 107 120 120 113 120 121 124 119 112 137 126 146 139 131 140 132 121 125 115 113 122 125 124 127 115 122 121 120 108 92 77 98 122
190 186 182 186 149 153 162 159 172 158 162 158 156 157 163 156 160 154 133 147 141 148 149 142 134 138 147 162 151 147 150 159 159 161 155 149 150 151 156 151 144 151 146 145 143 142 137 139 135 143 141 136 137 125 119 132 119 105 103 95 97 100 108 105 106 117 115 127 125 134 121 106 123 119 124 126 138 126 133 131 117 117 125 133 124 117 128 119 112 111 110 107 92 87 102 125
177 180 194 160 150 161 148 159 159 162 159 151 158 152 157 148 158 152 140 139 146 142 146 146 141 141 151 164 151 147 145 155 156 138 148 154 150 150 151 158 145 151 148 147 145 136 138 133 127 128 128 127 120 129 118 122 124 121 114 107 94 93 100 99 106 120 111 113 116 131 124 105 110 114 127 128 127 116 122 123 120 119 123 122 123 106 122 123 118 107 91 97 74 80 104 110
159 171 186 161 136 150 159 163 159 152 162 157 154 152 155 145 138 135 138 133 148 134 145 148 144 141 140 160 141 138 147 147 148 133 153 149 143 143 146 147 147 152 151 150 139 146 136 136 142 118 121 113 118 118 116 126 122 121 105 105 103 98 93 105 104 103 110 107 109 130 127 116 101 120 122 124 132 119 118 118 105 117 116 121 125 112 112 114 118 116 112 99 75 84 98 104
160 167 173 155 134 148 148 167 156 150 159 156 156 163 150 154 148 145 148 139 148 132 148 149 124 137 147 153 149 144 158 155 141 138 149 150 134 148 137 151 143 148 153 148 150 147 146 153 149 127 118 112 105 100 109 106 110 117 119 114 98 99 99 100 97 101 100 102 112 125 119 106 103 123 129 128 138 131 121 113 110 105 113 114 124 108 99 117 117 124 100 89 79 73 84 85
160 164 159 150 134 145 147 155 150 146 153 149 154 156 151 152 148 154 156 148 141 114 140 127 145 139 138 141 139 141 150 157 139 135 145 150 137 142 134 137 151 151 146 150 134 140 138 140 138 136 121 117 120 112 99 99 104 108 110 105 99 102 99 95 101 104 95 95 115 129 121 118 104 122 127 124 124 117 124 116 114 92 106 104 109 107 95 111 116 116 109 100 90 69 98 77
160 153 150 138 148 145 146 142 149 155 154 152 155 147 147 142 153 151 159 151 140 130 115 117 131 135 135 147 134 143 140 145 138 137 143 146 147 131 136 137 153 151 145 136 141 142 147 132 133 132 134 122 124 118 107 103 95 93 93 91 97 96 93 94 102 103 107 98 104 114 122 121 103 115 121 117 117 110 119 120 116 118 98 95 98 94 95 106 118 109 116 105 102 107 94 86
166 157 157 149 143 151 142 135 147 144 138 142 146 145 138 147 156 161 152 147 141 133 114 142 133 127 122 147 139 144 148 148 140 135 130 138 142 137 136 144 149 147 152 128 143 143 131 127 124 132 121 121 122 115 109 103 118 104 110 113 108 93 96 95 94 97 98 96 92 113 109 116 104 117 121 108 117 113 110 119 119 121 120 113 93 79 101 112 110 89 101 111 125 110 114 92
168 156 164 139 160 157 136 142 143 146 130 145 144 136 140 144 156 159 156 142 141 142 132 127 122 114 145 134 144 152 143 149 141 137 141 128 138 127 131 142 135 142 125 120 128 129 123 115 123 128 117 109 109 104 101 116 113 114 112 100 98 101 107 110 91 96 99 90 108 121 114 102 104 109 91 89 93 106 112 117 120 113 110 112 103 87 101 109 90 99 87 96 104 104 122 108
161 167 155 129 151 142 138 144 142 133 138 148 140 134 142 144 159 151 158 159 155 149 154 136 114 126 137 138 142 141 139 149 141 145 140 136 113 117 116 128 119 112 98 118 135 130 131 130 120 122 124 117 115 115 113 114 118 114 98 111 105 103 124 111 92 111 104 92 101 114 120 102 114 119 116 99 93 101 84 102 81 76 96 101 98 97 84 96 81 100 85 92 87 111 119 107
138 140 138 125 138 136 146 143 135 131 134 148 143 129 139 141 160 159 145 141 150 146 138 130 114 121 134 139 141 137 133 141 133 133 137 113 104 113 104 102 103 117 100 117 126 125 114 129 120 119 121 124 116 126 123 123 117 109 108 112 108 116 116 114 109 111 107 104 118 124 127 120 121 119 113 114 114 114 99 98 111 121 79 78 72 92 85 76 75 86 84 71 74 105 97 105
147 105 127 126 130 147 126 135 127 124 124 124 125 130 133 145 144 151 146 151 146 144 141 137 119 114 131 134 142 130 131 133 121 117 136 114 112 98 102 108 110 98 99 108 118 120 118 104 115 112 120 126 124 129 124 107 110 115 117 115 121 119 119 115 118 103 113 107 122 134 134 119 127 112 113 115 123 117 101 94 116 111 93 105 95 101 100 89 102 75 90 92 75 88 86 93
130 125 105 117 136 136 130 124 125 122 118 131 142 134 134 139 143 143 137 150 143 134 145 133 114 118 126 136 130 113 105 109 106 118 127 116 113 104 95 99 111 120 95 92 105 108 114 119 118 117 106 114 123 132 127 129 121 123 130 121 120 121 105 102 114 105 110 117 123 133 137 135 124 112 117 113 127 112 115 108 121 111 115 102 102 98 84 95 80 82 75 84 83 77 89 76
146 139 140 105 126 135 130 109 132 124 127 114 133 133 124 137 144 147 141 139 132 134 143 114 129 120 128 123 115 108 105 111 112 121 125 110 116 113 98 93 90 92 90 98 101 110 121 120 114 114 106 116 124 130 124 118 128 132 125 124 115 107 117 109 116 106 111 126 124 131 137 129 123 115 124 123 128 115 117 116 122 122 124 105 93 72 70 77 85 99 89 82 92 90 104 97
133 128 125 118 117 121 129 105 127 121 117 105 138 132 141 140 149 142 141 137 142 143 148 113 120 115 133 109 109 108 96 103 116 124 117 108 101 96 90 105 100 98 95 99 111 116 119 125 123 113 102 112 124 125 129 129 126 121 125 118 119 122 122 123 120 108 119 125 133 138 127 126 118 113 125 130 130 121 133 123 118 121 109 93 94 84 88 85 118 109 96 75 98 108 117 113
142 135 118 119 108 105 105 105 105 120 105 111 123 138 127 151 141 146 145 139 134 125 124 111 95 110 106 113 116 116 101 113 110 108 111 103 93 97 94 109 116 101 100 97 110 110 123 116 116 111 110 124 108 122 125 121 121 123 122 128 125 130 128 119 110 100 121 130 138 137 128 126 133 118 133 137 131 126 120 115 109 112 103 86 81 101 103 105 116 98 83 96 114 114 125 113
154 131 130 131 113 127 127 109 113 123 105 116 130 154 127 131 142 136 139 140 140 111 100 93 90 100 99 104 106 99 96 108 103 104 120 108 104 96 90 99 111 108 98 107 111 117 116 114 115 106 114 105 115 117 128 126 115 110 122 124 131 125 128 116 123 117 114 127 136 147 134 134 125 120 131 134 128 119 118 97 111 96 93 95 111 121 105 108 122 102 83 128 128 126 125 115
148 132 138 132 142 138 139 134 146 107 117 142 146 131 116 138 132 145 127 137 117 94 86 90 90 90 92 95 97 90 106 101 108 114 120 112 107 96 94 88 103 115 111 95 106 110 112 115 108 112 91 116 122 127 132 108 105 122 117 126 114 125 138 131 133 118 117 129 140 138 135 123 120 128 135 118 119 116 107 107 90 107 93 101 120 117 108 116 102 89 99 133 123 116 116 113
152 139 146 143 150 133 134 141 143 126 126 148 117 113 104 128 137 114 133 115 117 94 83 107 105 109 111 101 99 87 106 100 105 113 120 113 110 95 98 86 101 108 97 89 102 103 107 106 112 116 99 112 111 119 113 93 112 117 124 117 116 125 125 123 125 130 130 124 132 142 136 128 130 133 130 124 116 106 115 87 126 104 118 118 119 127 127 119 108 99 118 130 127 108 105 101
145 142 133 143 145 132 133 130 129 121 126 106 109 125 101 131 93 97 102 90 88 102 105 123 125 121 110 106 118 103 112 110 106 113 115 115 111 107 99 90 96 103 89 98 106 112 110 107 102 102 84 102 111 119 108 98 113 121 123 111 112 123 119 118 119 125 133 133 143 140 135 136 128 138 131 116 120 101 106 142 130 118 132 125 133 141 119 105 95 117 124 130 123 122 125 111
121 127 135 162 158 137 132 124 123 105 106 104 98 104 100 91 87 90 81 102 105 116 118 115 113 119 123 118 102 106 116 114 122 120 120 108 110 116 107 101 88 96 86 97 112 115 107 117 112 103 90 108 113 98 99 114 116 117 127 111 105 115 115 114 118 129 134 135 130 134 134 136 137 139 127 110 106 118 120 127 134 132 143 134 138 140 130 107 93 114 133 128 110 137 118 105
125 137 140 149 147 142 128 108 103 94 93 94 98 110 96 91 81 77 90 115 118 124 115 120 109 115 116 116 115 115 120 123 125 117 117 115 104 103 104 88 88 89 96 103 113 122 130 118 111 105 97 94 102 99 100 105 108 114 122 112 100 102 114 113 119 133 125 117 119 129 140 139 140 128 123 111 110 115 129 151 144 143 148 148 137 119 113 100 114 127 129 128 136 135 123 115
139 131 136 136 140 133 122 99 105 86 83 83 89 95 87 82 85 83 92 111 115 114 106 110 118 109 115 121 111 122 120 128 122 112 113 109 113 102 103 95 90 103 107 111 120 119 123 116 120 108 87 91 94 105 106 114 118 115 126 126 116 101 103 108 120 117 121 113 114 120 140 131 127 133 122 110 131 132 126 137 142 150 139 146 137 127 109 93 123 140 145 128 133 130 116 98
133 133 127 125 120 114 105 95 84 81 77 80 81 93 96 85 83 84 87 104 98 97 105 102 109 113 111 113 112 111 126 120 118 111 105 111 105 96 87 87 109 114 110 120 121 124 122 120 100 104 88 90 105 114 112 121 119 104 121 115 111 97 105 115 114 108 109 118 122 126 132 135 129 131 117 120 130 152 130 126 147 149 129 134 117 118 99 114 131 146 134 145 142 133 111 105
137 126 119 110 116 112 98 102 95 80 77 81 79 89 88 85 82 85 90 94 98 107 116 116 110 108 117 112 111 112 120 118 116 117 100 110 111 110 109 82 85 116 110 106 118 108 113 109 111 93 86 101 106 110 110 113 110 103 116 119 105 100 106 116 110 105 117 111 112 124 138 128 125 131 125 134 142 151 151 156 151 136 129 131 123 112 117 133 142 144 133 146 145 128 117 97
125 117 97 95 105 102 111 112 108 81 90 87 77 83 77 93 77 83 79 89 104 106 114 110 106 105 117 109 111 110 114 121 114 114 105 106 109 106 93 82 96 95 107 117 118 111 110 93 105 102 88 102 106 109 107 123 106 96 105 105 93 102 114 111 102 106 117 119 124 127 134 140 134 136 139 130 146 157 155 146 147 139 132 125 117 108 120 130 147 143 147 150 130 127 120 98
99 86 84 87 93 103 120 114 99 92 90 89 75 75 85 94 77 88 85 86 105 116 110 91 89 99 110 111 115 120 128 117 112 111 101 106 112 113 92 84 100 105 111 121 122 122 111 111 96 93 82 101 102 110 114 115 106 103 107 86 91 104 100 97 106 122 124 122 123 130 141 140 130 150 149 131 143 153 152 137 138 132 123 129 121 131 141 151 149 157 155 143 137 127 115 107
119 96 93 85 91 109 113 112 103 100 93 88 85 78 78 91 79 83 80 83 95 112 98 91 100 92 113 108 113 115 115 107 106 105 105 97 109 99 91 98 108 115 107 103 112 115 114 106 108 109 94 92 102 116 113 112 108 104 92 98 99 103 104 108 122 114 111 113 126 121 133 131 133 145 151 137 149 158 154 142 142 122 132 129 135 138 152 153 135 141 148 143 128 121 118 108
109 96 90 84 88 95 107 110 101 108 82 78 86 79 76 93 98 76 78 81 99 106 104 89 92 106 113 108 116 110 109 93 101 105 94 94 110 100 81 81 105 95 103 105 111 101 99 103 102 99 98 94 104 107 115 111 101 88 97 114 114 112 112 110 106 113 119 122 132 126 125 129 138 152 147 159 148 148 143 141 131 132 138 139 142 145 144 131 142 142 138 137 138 127 123 101
105 93 92 90 93 106 104 108 106 100 99 84 82 76 82 86 94 74 74 90 104 107 102 89 100 96 106 107 105 96 99 93 110 107 105 93 108 110 94 84 95 102 110 107 111 103 99 92 99 94 89 104 100 103 112 106 87 84 106 113 89 101 103 104 119 117 128 124 126 116 125 141 139 143 148 149 141 152 145 136 124 136 144 150 139 148 140 127 123 134 127 128 137 131 124 114
94 95 92 86 104 105 92 104 104 104 99 104 78 77 75 82 90 74 74 90 106 118 98 91 82 95 101 102 98 97 89 108 114 104 105 99 108 108 103 80 91 97 109 115 108 111 108 95 100 82 87 102 95 102 108 100 88 96 91 85 102 110 113 113 122 124 121 115 106 120 125 116 120 119 140 135 148 143 135 126 142 143 147 140 139 144 134 143 121 114 130 131 127 132 141 129
99 82 89 91 90 95 88 104 98 100 100 82 87 81 80 75 88 74 74 74 107 115 95 97 83 93 92 102 107 83 105 106 92 100 102 92 98 94 93 88 97 106 109 113 98 99 102 105 95 90 80 89 109 106 100 87 89 88 94 108 111 113 119 121 119 119 110 117 124 130 127 135 142 124 120 143 134 151 151 143 144 149 146 151 142 121 129 127 118 133 112 108 115 121 117 125
106 106 83 90 83 88 86 86 87 83 88 83 86 84 82 77 77 74 76 74 93 94 99 106 88 84 94 100 89 93 102 90 101 104 97 79 93 92 91 86 92 101 111 107 104 93 91 103 103 95 86 98 107 95 85 89 102 104 112 105 118 116 113 112 102 110 113 128 144 140 136 148 149 143 140 127 135 152 149 149 161 155 148 141 143 140 121 139 130 123 136 114 107 112 114 116
106 89 84 87 86 83 83 87 81 81 80 80 79 73 79 84 76 76 78 74 87 90 103 96 90 82 98 101 85 83 82 85 96 96 102 89 89 97 92 93 106 98 111 110 108 104 88 100 92 98 87 102 100 84 84 96 99 110 119 117 116 110 100 106 115 119 129 129 134 152 147 151 142 150 142 146 139 132 146 161 156 154 148 147 140 134 129 143 140 134 140 129 128 98 103 97
106 94 89 82 89 87 82 89 82 78 87 84 86 78 75 79 81 74 74 75 74 83 87 97 85 83 88 74 83 92 87 105 100 105 94 90 96 99 85 85 92 99 109 109 105 103 94 92 87 82 84 77 91 95 98 105 106 106 103 102 89 116 122 120 140 126 132 129 140 144 152 146 147 154 147 147 147 154 155 163 167 151 145 142 128 130 137 146 134 129 134 131 119 117 111 113
93 105 92 89 86 88 86 85 81 88 93 95 86 83 80 73 77 73 74 74 74 74 84 92 88 74 74 90 89 95 97 107 97 97 92 84 87 99 86 80 93 109 110 104 107 95 98 104 86 74 87 95 92 104 108 101 98 91 96 99 109 117 141 118 128 145 139 146 142 147 139 140 133 141 139 137 150 162 166 166 160 153 144 150 141 131 144 144 139 128 128 110 112 112 110 96
88 87 86 79 78 79 85 92 97 89 92 105 106 91 90 93 92 87 74 74 74 74 74 86 82 74 83 88 95 99 103 101 104 110 98 83 91 102 79 74 98 107 113 102 93 90 90 93 74 84 87 96 90 93 98 87 84 93 98 104 136 128 135 137 142 147 148 148 139 139 131 123 130 119 142 142 157 162 162 169 150 154 148 152 151 140 151 141 135 136 119 130 119 111 113 110
89 99 99 99 89 81 96 99 96 111 103 108 107 102 96 87 74 74 74 74 74 74 74 74 74 74 82 87 93 101 102 106 108 101 89 93 91 74 74 97 92 107 111 104 102 108 98 94 74 96 97 97 99 98 106 94 108 101 119 130 134 135 133 146 151 145 147 132 129 136 126 119 126 132 143 156 146 161 162 165 164 166 168 161 151 157 158 148 141 137 126 130 136 119 124 126
102 100 95 96 101 105 106 102 100 100 100 106 92 93 81 75 74 74 86 79 85 74 74 74 74 74 80 84 99 101 109 102 109 105 96 94 74 74 94 97 101 105 105 104 103 102 96 74 83 103 104 107 111 109 110 112 111 119 134 131 129 134 135 135 134 129 141 130 120 122 122 107 127 143 144 139 150 158 162 171 165 163 156 159 152 156 154 146 143 122 139 137 143 134 130 137
108 99 90 103 110 109 105 93 93 89 90 90 81 80 79 86 95 96 100 95 89 89 78 74 74 76 74 80 88 94 85 109 114 108 102 91 74 74 98 102 101 111 114 103 88 99 94 74 102 96 101 109 108 112 111 114 111 127 138 131 133 135 129 123 121 138 137 126 134 113 114 116 130 132 121 144 152 162 163 163 157 145 138 152 144 156 153 145 143 144 147 149 146 137 127 122
108 118 99 104 91 95 92 88 100 98 90 90 85 98 91 98 100 94 101 103 106 97 97 74 74 74 74 74 74 97 98 99 109 96 91 86 74 80 95 98 110 115 114 101 100 87 74 74 83 93 100 104 104 120 102 104 115 127 141 140 139 128 121 106 138 131 133 137 107 128 113 117 120 136 130 144 155 161 160 157 149 147 138 152 138 149 144 158 158 155 146 140 132 125 113 109
115 109 110 104 96 89 92 100 105 101 83 99 98 101 100 96 99 111 103 114 97 101 91 87 83 74 74 74 74 90 85 89 106 101 97 74 74 85 93 104 115 109 106 102 96 107 74 78 82 102 108 112 108 103 110 120 126 133 137 122 119 121 112 111 130 131 121 125 119 104 106 126 129 139 140 152 157 146 152 163 153 140 140 145 136 142 148 150 153 145 136 144 139 142 134 120
112 104 103 96 91 98 98 111 109 96 91 100 102 104 106 99 107 97 98 96 91 81 75 102 91 80 74 74 74 74 89 101 114 104 95 74 74 102 100 103 108 103 109 109 109 80 74 74 94 97 99 97 92 111 115 121 130 137 135 122 120 117 100 115 128 131 117 113 115 97 120 119 117 130 135 147 151 149 154 151 161 149 130 138 129 139 143 141 149 145 130 133 135 144 129 124
