tests/testdata/gmted/ds15_grd/ds15_grd
ncols        244
nrows        173
xllcorner    -79.270972238339
yllcorner    35.516527763135
cellsize     0.004166666666
NODATA_value  nan
[rows 46 to 91 of 173, columns 0 to 95 of 244]
196 187 197 206 203 201 193 193 204 204 210 210 210 213 207 213 216 202 201 210 206 206 200 208 209 219 208 206 195 205 203 208 217 216 218 218 235 229 218 198 186 198 201 215 225 196 197 187 168 177 185 173 207 185 192 159 164 154 149 135 139 140 125 147 139 120 135 145 147 151 144 145 153 143 156 156 156 138 128 127 118 134 125 114 117 117 129 123 128 113 101 103 105 115 108 116
194 192 193 195 191 183 194 199 196 206 211 213 217 214 210 217 216 210 222 225 213 204 223 217 213 231 204 197 216 219 203 207 211 216 223 226 205 206 195 193 197 192 206 205 209 216 202 180 173 177 170 179 187 162 149 141 152 144 139 159 154 145 140 143 136 146 148 159 143 160 148 160 160 150 170 156 138 137 126 132 134 127 121 123 125 131 123 117 126 116 111 116 110 113 106 112
199 192 182 189 195 189 198 200 215 234 206 208 207 211 219 217 209 226 222 229 217 218 222 229 234 232 206 210 214 225 211 215 218 227 223 218 206 204 201 193 203 198 206 215 193 189 187 176 182 159 168 166 154 146 144 164 158 149 151 146 142 136 129 139 145 151 159 170 161 158 155 155 160 149 160 144 144 135 130 135 134 128 127 136 131 127 107 110 115 116 118 116 119 114 107 106
178 183 190 192 184 195 203 218 215 214 203 214 217 226 219 220 228 223 230 214 218 212 208 208 195 206 204 205 220 229 217 211 222 230 227 213 218 225 204 202 223 219 206 194 199 190 181 180 183 164 171 163 146 166 160 159 168 166 165 147 143 149 137 143 144 158 157 154 159 156 157 152 148 147 143 145 128 125 122 125 129 132 121 125 113 109 123 112 115 119 113 119 117 109 110 104
197 181 189 195 207 212 213 209 204 197 204 209 212 208 213 217 236 234 240 210 205 199 213 188 196 216 215 210 208 217 220 213 222 219 229 245 241 204 205 217 214 226 226 197 210 190 182 174 167 162 150 144 163 168 156 175 151 155 158 146 145 151 151 151 145 147 150 162 160 163 158 148 147 147 141 127 121 128 114 122 123 127 119 109 107 116 112 117 107 106 111 115 123 114 104 102
195 200 203 198 202 200 200 202 204 189 208 212 222 214 218 225 230 210 213 203 193 197 198 195 216 228 222 213 213 214 222 220 216 216 222 225 212 217 218 210 199 191 220 187 194 173 193 175 166 169 162 162 166 177 172 167 163 155 145 143 147 156 149 153 178 186 163 157 166 158 165 154 143 143 123 130 123 115 117 106 123 105 115 121 118 112 107 106 107 101 100 109 112 109 104 93
221 206 201 194 204 209 203 204 197 205 205 213 202 206 214 208 203 204 200 190 195 193 197 209 211 217 214 207 200 210 218 227 233 230 228 236 226 225 222 189 180 186 170 171 165 165 175 180 159 168 166 171 178 173 172 160 158 161 152 158 151 145 140 133 155 169 172 183 172 167 155 148 135 122 119 118 126 126 131 120 125 128 130 126 125 110 113 106 112 96 98 95 91 98 89 93
202 203 198 198 206 221 205 196 203 190 191 196 193 187 200 201 209 209 214 205 183 189 206 227 231 229 226 209 203 198 208 235 207 209 211 219 207 195 210 185 204 191 168 159 169 173 185 172 184 179 166 176 169 179 175 168 161 158 152 145 139 132 121 115 124 149 156 171 158 159 149 140 121 115 123 126 111 124 109 119 125 132 129 121 118 120 120 117 104 107 105 95 100 104 108 108
200 202 215 214 193 199 177 184 192 188 183 180 183 202 208 209 201 195 189 194 196 197 204 206 214 223 220 219 210 191 190 189 189 188 195 213 198 189 185 188 207 181 161 161 172 194 186 184 176 167 173 156 162 158 176 169 159 152 150 142 156 148 146 120 114 128 141 137 143 146 144 122 125 122 126 110 99 107 114 113 126 128 124 123 117 132 124 113 105 105 121 111 112 117 100 101
216 213 202 208 195 183 177 196 197 192 190 178 183 193 195 206 189 189 192 181 218 204 206 212 220 225 218 210 201 198 212 212 214 194 176 188 169 172 163 157 159 153 158 173 174 172 186 171 151 159 163 152 149 162 166 156 156 169 165 148 165 161 157 128 123 144 147 161 143 142 135 105 115 114 124 108 96 111 116 120 121 121 125 128 131 132 120 111 110 123 125 117 113 100 111 106
206 201 201 213 189 172 180 187 180 196 197 200 203 171 203 215 190 199 190 202 222 201 196 214 209 231 223 211 208 206 188 188 185 170 170 181 163 162 165 170 178 166 154 155 159 148 174 162 149 154 154 150 149 155 167 148 155 161 155 163 164 168 148 132 126 131 155 144 161 145 125 109 93 112 109 112 105 120 109 125 120 126 120 126 122 129 124 116 105 120 116 116 115 99 111 104
195 196 204 195 185 179 176 178 195 202 214 203 187 172 203 184 185 198 173 191 198 188 202 191 212 223 229 212 202 180 176 191 188 185 167 161 156 158 169 177 174 167 173 157 163 149 153 163 147 174 156 145 155 150 149 138 147 148 153 149 163 156 150 131 104 131 134 144 144 134 126 104 96 112 121 115 112 115 128 118 106 119 112 121 120 128 120 122 126 125 119 118 101 112 107 112
202 198 182 182 177 177 175 187 190 182 193 185 177 173 181 195 177 172 181 177 192 182 190 195 205 214 217 206 224 209 184 194 177 177 172 161 175 170 169 184 163 175 169 153 159 173 185 156 163 167 150 156 147 128 143 123 131 151 145 141 157 146 147 131 97 126 125 112 119 121 110 95 91 115 123 102 119 115 113 110 108 104 106 118 123 114 114 110 117 124 120 119 107 111 118 112
203 189 183 183 182 186 189 171 176 178 194 189 188 192 184 173 180 176 176 180 181 198 201 210 213 220 212 202 196 213 190 183 172 164 166 171 173 170 167 161 167 163 174 177 181 175 179 160 161 158 140 147 143 135 149 154 167 150 124 152 148 136 132 104 107 113 107 99 102 103 97 98 108 112 110 98 107 113 98 113 111 113 113 120 113 116 118 102 105 117 121 113 104 118 115 122
188 183 200 195 187 187 183 177 183 182 182 183 195 210 200 163 175 191 188 181 183 191 199 210 207 218 212 207 189 187 194 182 173 172 169 170 187 170 189 164 160 169 175 194 202 174 154 156 154 147 132 138 154 151 170 166 162 151 126 109 121 99 111 88 116 108 101 101 99 90 95 96 110 98 105 91 93 107 104 115 116 126 122 119 107 114 91 109 120 124 119 120 116 120 119 114
219 188 181 186 193 174 176 177 169 166 177 209 205 191 186 176 162 180 186 183 179 195 223 202 211 205 204 207 200 188 201 174 175 191 172 185 186 171 189 180 167 169 179 192 192 174 155 153 144 140 150 151 168 167 163 159 155 139 156 141 139 137 119 95 92 97 98 105 103 81 107 106 96 87 89 103 113 122 114 115 119 115 113 117 113 105 107 112 119 121 111 118 119 123 129 116
192 180 178 177 188 169 172 163 171 176 180 206 181 178 188 173 154 171 172 176 170 177 184 191 193 214 197 184 182 174 172 183 191 181 168 183 177 197 206 173 173 176 178 183 174 155 158 154 146 154 157 154 161 176 165 161 154 156 148 152 146 133 112 98 87 91 91 93 91 86 103 106 93 85 94 96 106 109 117 123 124 111 102 108 115 111 111 98 121 112 111 105 114 116 120 121
177 184 167 169 184 184 162 185 178 184 166 177 180 162 166 172 162 167 169 172 161 180 192 189 210 197 194 190 177 171 169 182 193 191 187 188 210 189 191 176 172 177 179 175 170 168 152 144 157 158 169 172 171 169 156 157 167 151 150 153 144 126 121 96 81 84 85 92 91 90 107 96 90 95 102 103 113 97 111 110 118 123 116 119 101 97 102 113 111 109 105 111 109 116 103 119
187 177 169 170 173 180 162 165 156 160 171 196 177 164 155 174 164 162 175 171 173 186 195 190 201 217 194 207 193 185 185 173 180 179 178 183 191 190 177 172 178 178 168 172 164 160 158 159 168 175 173 166 167 172 171 175 173 147 140 148 125 139 114 94 84 87 78 86 85 90 97 90 80 100 98 94 104 107 119 117 107 120 113 105 109 94 106 107 108 100 92 111 100 101 117 115
179 180 173 165 171 175 180 178 185 154 185 172 176 154 155 172 173 170 184 188 185 189 182 199 203 196 231 221 193 194 182 184 155 170 171 197 184 182 166 169 165 172 163 160 168 159 158 177 171 174 183 177 175 161 158 159 157 161 138 147 97 101 94 91 87 81 79 80 84 80 97 81 84 99 89 102 105 117 108 119 109 119 96 110 105 90 87 97 92 92 99 107 111 101 116 116
177 177 164 167 182 163 171 188 214 154 154 189 154 161 160 167 175 184 179 177 181 182 176 182 184 194 203 200 209 177 169 176 162 158 179 186 170 177 168 160 159 156 163 154 158 165 180 181 186 165 170 177 171 162 159 152 154 151 151 120 98 105 109 99 97 89 81 79 84 84 78 82 90 92 90 98 99 112 112 120 105 114 96 93 93 99 97 108 103 106 122 112 115 114 115 120
179 178 176 173 167 168 154 170 154 155 167 191 177 169 162 171 187 177 182 173 176 180 178 172 187 184 188 191 179 168 174 163 159 156 176 176 179 175 173 158 155 152 157 157 163 161 159 187 175 163 157 163 173 170 171 155 132 137 109 107 93 95 88 91 95 88 98 95 104 86 75 77 88 90 111 110 111 106 100 110 108 105 102 84 105 104 107 116 101 117 125 118 111 125 115 121
181 175 180 177 169 168 154 154 155 163 162 165 178 179 176 175 184 183 176 177 182 182 185 176 180 171 168 170 172 167 164 151 157 154 168 174 176 161 163 161 157 152 158 150 159 152 167 168 166 159 155 155 163 161 150 122 105 119 99 105 109 92 86 96 112 93 94 101 95 98 84 83 93 89 104 117 110 103 104 102 102 97 83 106 105 106 112 108 111 115 116 118 114 118 116 121
190 170 174 170 163 169 144 161 153 167 164 169 178 180 185 168 174 178 173 166 182 184 179 171 177 171 163 165 161 162 166 174 163 150 153 166 170 168 159 163 161 161 178 164 146 157 169 170 176 179 157 147 149 149 149 133 110 92 90 97 109 104 98 102 106 107 100 90 85 96 88 81 86 102 105 114 107 94 90 111 96 81 83 89 103 97 100 111 114 106 113 100 103 110 110 115
171 172 167 159 164 163 142 143 156 167 159 176 192 177 164 168 166 159 173 178 176 183 178 177 174 177 177 170 169 173 174 170 168 177 156 162 166 168 166 172 175 170 160 153 141 146 149 170 163 163 157 139 147 134 134 115 92 123 91 92 94 95 109 102 96 99 95 99 95 78 87 94 95 105 97 101 99 95 102 88 86 103 110 99 94 96 116 119 111 110 110 109 104 111 100 105
166 177 156 154 157 155 163 153 164 173 168 182 180 182 178 171 165 176 178 172 172 177 170 175 174 178 179 180 179 170 179 178 182 171 165 151 155 161 179 172 169 167 164 149 145 154 163 172 171 146 146 151 135 138 107 105 120 122 89 85 102 103 98 96 99 89 80 84 84 82 87 90 95 90 101 109 95 86 104 83 96 98 99 109 105 104 112 114 101 95 95 95 103 106 100 91
157 156 154 151 152 137 168 166 173 163 164 176 177 177 173 167 178 185 171 171 174 166 175 181 177 179 177 162 161 169 176 185 174 167 162 151 147 152 170 172 164 158 158 149 149 160 158 159 158 150 149 143 141 141 134 129 130 110 86 80 87 102 97 101 102 100 93 87 99 95 82 83 89 102 94 107 97 86 82 86 100 103 113 109 106 117 117 119 114 103 89 93 99 98 99 100
151 158 139 140 147 154 185 165 171 170 163 186 174 169 183 158 169 178 166 167 159 163 160 167 179 174 170 173 157 156 178 171 171 171 160 162 155 143 150 165 169 166 165 147 152 136 142 148 152 149 154 151 138 113 109 117 101 91 90 86 96 105 92 97 102 110 94 93 91 86 83 83 83 93 100 99 88 85 86 102 88 104 101 108 123 119 126 121 118 103 94 93 105 94 106 110
152 155 139 142 149 166 176 173 167 179 166 170 170 182 162 161 160 159 161 168 169 171 169 176 179 173 173 169 172 153 159 175 200 193 180 161 156 141 155 151 159 159 152 150 159 144 128 132 142 142 143 132 114 117 103 86 91 82 80 88 81 92 87 93 94 105 100 100 101 90 88 86 83 91 97 86 83 80 90 85 104 93 106 112 111 102 113 112 98 88 86 94 105 90 104 99
160 140 151 155 172 172 181 183 174 183 174 172 162 160 163 155 153 158 166 177 167 177 180 186 186 182 169 173 157 152 167 170 173 176 155 162 161 138 146 154 156 164 147 154 147 144 141 142 119 113 110 126 98 110 126 126 115 100 103 78 80 84 89 94 91 101 100 99 85 86 86 82 77 86 95 81 78 87 102 101 110 102 104 99 113 117 109 107 99 103 95 95 103 91 98 92
150 144 148 161 158 168 172 170 174 169 179 160 170 163 159 157 172 168 167 171 170 175 186 176 171 169 162 167 152 149 156 159 162 148 151 162 155 153 148 150 153 153 139 144 151 153 143 135 134 137 142 127 132 144 136 146 142 100 106 80 87 79 83 80 84 90 94 99 89 93 83 70 72 90 93 81 82 90 83 95 105 101 98 98 110 115 104 106 97 96 89 95 91 87 95 104
150 129 142 166 167 161 156 168 175 171 177 157 156 161 166 169 169 183 172 167 185 187 193 195 192 180 169 165 144 146 140 135 143 151 146 144 154 154 147 131 135 143 143 141 147 152 145 147 133 138 143 145 145 146 146 131 122 99 97 94 93 85 80 89 84 78 92 90 100 85 82 79 79 92 82 74 87 96 108 90 93 97 101 111 122 105 105 100 96 87 85 90 83 98 108 98
129 147 153 156 165 152 171 159 165 166 172 162 156 152 171 171 175 174 189 183 185 186 195 189 180 168 168 156 156 163 155 152 144 139 146 136 137 151 154 144 135 137 135 136 146 149 146 139 141 145 148 150 156 147 142 142 116 103 98 99 93 98 105 107 86 78 78 88 90 88 82 79 77 79 77 83 99 98 94 96 101 91 105 108 113 117 94 96 93 85 81 78 80 94 94 107
146 142 126 141 155 145 163 164 160 163 172 162 144 168 169 181 176 180 178 181 184 188 188 183 177 167 159 169 167 164 165 157 153 141 163 156 157 145 146 157 138 121 133 122 127 136 137 127 120 143 145 159 156 148 126 121 122 94 94 94 89 108 103 89 80 75 79 81 95 92 76 74 70 79 82 96 95 89 96 95 100 95 105 113 112 110 103 97 84 83 100 98 100 107 102 100
166 152 151 126 134 151 163 163 150 152 144 158 158 158 166 166 170 171 178 186 179 174 175 181 172 163 170 168 165 170 164 161 162 157 157 152 143 141 130 134 135 124 127 126 114 103 103 99 133 128 145 151 149 134 117 108 119 96 107 82 91 98 87 95 87 84 73 81 87 91 97 83 79 81 87 87 83 90 85 100 87 105 104 116 112 98 97 95 78 82 88 95 105 89 94 87
147 148 152 132 152 158 154 161 151 158 159 163 167 168 164 167 170 170 185 172 167 170 173 174 170 174 165 170 165 159 160 153 154 146 145 152 145 129 126 124 111 125 111 114 100 116 124 108 96 106 138 124 136 145 133 124 93 104 83 76 85 83 83 92 91 83 72 75 83 96 91 77 77 79 84 82 86 89 91 94 86 89 102 107 98 96 96 97 77 82 90 99 97 94 87 98
145 145 129 149 145 141 152 155 147 154 160 169 173 176 165 165 163 162 168 174 164 163 169 176 172 170 169 172 160 155 152 153 156 150 136 130 136 130 137 133 134 135 111 138 142 139 138 137 127 112 93 95 130 125 117 122 98 89 94 105 78 88 89 90 96 83 79 77 82 84 89 81 71 78 86 85 82 102 101 93 98 117 95 91 95 92 87 92 80 83 90 92 85 91 91 96
139 141 147 131 144 145 158 157 147 150 162 162 160 157 163 160 151 159 171 165 158 171 170 172 168 158 160 162 163 159 147 145 141 138 160 152 144 148 164 176 165 137 148 146 170 160 163 140 134 126 118 122 104 106 118 108 101 130 125 100 88 72 74 72 94 98 85 72 76 82 90 77 75 76 84 74 91 91 98 88 91 103 94 92 99 99 88 91 74 83 82 80 85 82 91 92
138 145 124 128 123 138 146 150 140 146 161 151 150 143 174 170 166 158 162 173 157 171 158 162 163 157 152 165 161 157 148 150 169 175 165 158 158 173 165 162 150 138 115 132 137 146 140 118 113 121 117 138 143 132 143 137 120 140 133 103 90 82 79 73 88 92 98 84 88 73 76 82 73 72 72 84 87 100 102 85 90 103 91 96 89 91 91 87 95 84 84 84 90 98 86 91
148 144 146 142 125 136 147 156 154 151 164 170 159 164 167 165 172 155 148 162 148 158 153 155 155 152 160 159 160 172 165 171 202 186 169 167 174 177 159 137 128 125 114 137 148 151 133 117 117 128 115 148 157 159 157 148 156 150 119 99 85 70 75 77 85 91 93 86 81 72 75 83 76 72 76 86 87 93 84 96 97 99 89 103 83 87 83 84 78 85 78 93 97 100 101 104
159 151 146 145 130 143 150 155 156 140 151 149 138 159 148 152 159 154 150 146 143 144 143 152 155 156 157 172 190 189 175 178 180 179 183 167 166 155 143 116 149 136 108 126 142 153 141 141 128 131 123 147 158 144 144 145 158 131 99 96 87 78 79 82 98 94 88 92 83 66 73 72 78 77 78 87 93 93 85 89 106 92 94 88 78 82 76 81 81 80 84 96 113 113 105 109
155 148 154 149 134 144 153 162 143 145 136 140 150 178 168 153 151 165 155 146 147 150 151 157 171 190 211 209 183 175 183 186 173 169 162 159 149 135 131 162 152 122 114 140 147 151 138 144 143 128 145 158 146 154 144 125 116 103 82 89 85 75 68 87 95 86 84 92 77 67 67 66 68 74 71 85 90 94 85 100 101 91 84 84 75 75 75 87 80 73 100 99 110 110 99 110
145 149 151 139 136 132 152 158 160 143 139 152 154 176 197 160 151 145 153 144 169 189 164 183 195 210 189 170 168 177 194 198 191 167 166 171 154 151 147 150 155 162 124 143 148 157 153 161 138 145 167 166 147 152 123 124 119 100 93 88 94 74 82 85 95 78 90 91 85 82 65 70 69 68 77 88 95 84 81 85 85 97 82 81 81 91 92 102 92 81 109 94 96 108 92 110
155 157 155 137 122 136 155 155 150 142 153 155 159 180 161 155 149 148 126 133 144 161 185 209 198 177 167 154 185 193 194 194 189 189 159 169 158 165 153 164 170 167 127 153 171 165 176 158 145 167 155 150 146 153 109 138 96 97 91 88 91 73 77 72 78 84 87 93 87 69 65 80 74 77 83 83 91 90 94 90 84 80 78 78 80 90 96 92 108 109 109 90 109 105 93 90
158 149 149 143 132 134 145 146 141 137 149 151 156 181 162 143 144 133 125 140 148 150 154 161 170 152 170 186 188 183 181 186 168 192 165 176 183 152 157 175 179 162 138 159 191 171 173 166 141 164 137 143 143 105 110 88 113 80 93 89 85 84 73 78 79 82 84 91 79 69 68 84 81 90 84 83 83 94 101 83 76 75 78 78 82 82 88 95 98 100 88 100 99 97 83 92
150 160 142 143 126 132 137 139 147 145 144 152 158 171 163 144 139 144 133 130 145 148 147 138 156 154 164 187 173 173 174 159 175 173 173 185 159 168 177 185 176 153 151 171 183 172 160 154 167 180 140 133 118 106 158 134 106 85 86 87 88 93 75 68 69 75 89 89 81 74 68 77 84 81 81 83 90 85 88 70 77 80 90 93 85 82 86 84 89 92 91 95 87 83 99 106
