tests/testdata/gmted/be30_grd/be30_grd
ncols        123
nrows        87
xllcorner    -79.275138888888
yllcorner    35.516527777778
cellsize     0.008333333333
NODATA_value  nan
[rows 0 to 45 of 87, columns 0 to 95 of 123]
226.0 223 211 221 215 190 182 193 198 224 214 193 191 188 198 192 212 243 244 230 207 222 219 195 193 187 185 202 205 202 174 173 190 172 172 204 200 193 189 189 164 161 155 209 133 131 130 135 147 160 209 189 166 157 165 168 153 144 136 157 156 160 172 176 179 153 142 141 137 134 127 127 116 109 109 109 121 149 134 140 102 120 114 111 119 121 140 139 119 136 133 89 89 89 84 84
220 219 206 222 222 201 215 224 205 233 222 205 220 232 217 203 235 236 223 218 202 199 215 195 200 191 185 208 195 193 177 192 193 176 218 214 200 195 193 187 180 161 187 201 153 130 130 157 176 182 152 178 182 153 153 162 164 139 136 151 143 153 166 187 172 147 147 156 136 130 127 126 116 116 109 105 123 127 128 116 99 123 119 106 108 143 138 117 117 138 128 124 94 122 83 104
202 197 197 217 202 227 222 224 232 235 224 231 234 225 220 219 232 230 232 216 217 199 197 197 209 199 210 209 207 206 184 193 193 185 220 219 209 202 179 180 186 169 176 181 143 147 130 165 183 196 145 171 187 173 151 153 163 136 136 162 139 139 166 180 171 162 151 163 135 133 144 142 145 139 139 105 101 99 99 99 99 130 123 106 105 127 133 117 113 117 127 129 124 119 83 83
226 221 196 195 198 211 229 229 238 233 210 231 236 216 216 219 218 211 204 211 207 207 204 198 200 191 191 191 205 208 204 205 186 184 217 218 181 169 169 169 175 178 172 172 139 135 129 165 170 203 136 175 169 159 151 144 136 132 127 144 130 130 163 146 150 139 150 149 149 155 155 139 120 107 107 130 136 129 99 97 103 109 114 139 105 119 138 137 103 131 127 114 116 92 83 83
192 187 191 192 225 213 221 209 217 233 210 210 229 212 212 226 216 205 200 208 198 213 203 198 198 198 199 191 202 204 210 192 188 196 201 237 220 169 167 169 180 179 169 158 162 151 127 178 159 186 132 152 145 145 152 144 144 127 116 115 120 152 136 138 146 137 138 130 160 157 148 146 152 108 106 98 98 113 103 99 100 113 102 126 105 131 135 137 103 93 122 116 128 128 89 83
187 187 202 214 215 194 197 209 219 214 207 207 228 213 206 204 218 208 200 192 192 215 219 220 199 191 191 191 190 199 196 183 176 192 203 202 187 177 166 174 184 170 155 148 167 162 127 122 179 145 131 147 136 159 161 150 159 173 142 115 115 124 132 143 137 126 138 124 145 148 123 148 131 138 121 113 98 98 98 95 96 98 98 97 98 131 115 124 126 93 86 86 124 126 109 115
187 183 189 205 220 194 194 223 224 202 204 227 227 225 222 202 215 212 211 213 189 189 189 216 214 203 199 190 187 184 181 175 175 183 169 198 170 183 158 171 173 174 148 148 198 175 163 117 181 182 127 136 136 136 152 135 162 154 160 115 115 115 149 145 156 126 107 105 134 100 107 131 116 112 105 105 105 99 98 98 101 101 98 97 97 92 88 83 82 82 104 80 97 80 80 119
183 183 202 210 221 192 194 207 225 202 201 214 228 217 213 194 202 208 194 194 212 189 189 196 195 208 200 194 193 190 180 175 169 190 166 165 165 152 152 172 162 178 141 141 162 175 192 115 110 106 114 134 131 125 125 125 160 164 159 156 115 115 144 144 145 141 107 96 102 96 117 120 119 112 129 134 108 99 124 117 124 101 101 127 122 104 116 108 82 81 81 80 80 80 80 80
179 183 210 223 190 192 209 227 215 205 191 207 227 221 216 192 201 221 194 194 189 189 186 183 183 209 204 176 174 189 167 197 199 191 196 177 185 152 152 183 157 150 170 134 140 169 199 155 116 106 106 131 106 115 136 133 141 145 146 149 105 129 144 99 102 129 123 96 96 96 96 122 118 102 127 127 122 131 120 109 104 104 124 142 138 112 128 123 129 127 120 80 80 80 80 80
178 215 201 190 190 205 225 226 232 214 190 190 212 210 202 191 215 215 216 195 222 219 189 186 178 175 175 175 167 175 166 164 192 168 190 199 176 153 147 142 140 145 177 134 134 156 166 158 146 112 106 106 106 106 106 148 144 147 116 103 92 117 111 99 118 120 101 96 106 96 96 129 131 102 107 127 134 129 133 126 120 109 146 132 116 116 132 125 118 118 80 80 105 81 80 115
202 206 185 188 193 196 202 204 222 229 223 190 190 205 191 191 220 224 210 197 229 216 214 213 206 175 175 175 167 167 167 163 161 157 177 169 174 201 141 137 137 180 193 180 126 123 149 162 143 134 136 131 142 93 106 108 139 138 133 91 91 91 93 96 114 116 115 90 90 96 93 119 113 95 96 126 101 106 126 133 133 110 145 149 127 130 122 116 89 85 83 120 112 82 132 132
175 175 179 187 200 200 201 232 221 210 204 194 190 212 191 191 218 216 218 215 198 193 188 195 201 176 186 189 187 195 164 164 196 149 153 174 150 147 147 135 135 128 127 141 137 111 111 154 162 139 145 134 143 86 120 98 91 108 87 91 130 129 96 96 119 125 109 101 90 90 90 118 108 94 120 101 101 127 105 134 121 130 134 150 135 144 107 91 91 142 136 141 88 88 128 101
205 213 203 212 225 207 224 222 221 207 201 201 190 189 189 207 213 213 220 210 198 208 188 187 187 184 189 187 174 173 169 204 179 173 171 173 180 183 168 139 133 131 126 120 111 111 111 111 111 122 158 147 113 81 97 91 83 83 83 119 111 116 119 105 134 126 120 118 90 90 107 119 119 94 92 96 110 125 98 122 103 128 115 146 147 143 107 108 153 155 158 139 91 133 141 139
202 210 213 206 198 221 219 217 220 207 199 194 193 189 186 189 216 212 236 215 213 206 208 214 210 182 181 181 176 194 196 202 173 196 207 210 218 177 145 145 182 181 154 148 121 132 137 111 111 140 156 142 80 79 85 98 83 86 92 98 108 125 126 124 119 110 119 90 90 109 117 129 124 92 92 118 123 126 125 96 100 104 110 147 141 114 110 114 151 156 159 100 93 151 144 143
181 181 185 191 194 194 196 228 230 233 222 222 216 200 186 208 196 232 237 194 206 197 185 193 207 202 197 191 202 166 163 181 158 174 196 190 181 155 166 195 193 169 158 135 135 154 138 111 111 132 91 109 119 79 78 81 80 82 82 120 103 101 110 115 117 102 100 111 90 108 117 102 92 87 101 110 129 107 93 93 104 104 105 131 122 119 123 163 148 148 115 100 136 144 142 135
181 191 185 213 219 195 214 222 220 217 201 201 193 191 183 183 197 227 220 189 188 191 177 185 190 189 170 201 208 170 151 147 147 146 156 166 213 179 189 201 226 195 156 166 167 137 143 121 91 89 89 125 121 110 78 78 80 77 93 120 88 90 124 124 123 93 97 85 87 107 116 125 89 87 98 114 118 93 93 93 94 109 127 146 144 164 128 163 153 123 115 148 158 151 150 137
205 192 188 196 196 203 230 222 205 216 227 208 204 210 183 178 187 187 213 204 189 172 170 165 204 184 166 198 163 153 153 196 147 212 215 223 213 214 212 187 167 147 149 155 150 144 145 93 93 89 89 104 114 106 84 77 102 75 110 106 85 112 123 119 116 90 90 83 83 96 116 113 111 85 100 106 89 89 89 92 99 105 124 142 142 161 155 158 124 124 141 156 117 149 145 137
208 214 201 210 203 207 212 228 198 195 195 206 211 205 196 178 178 203 223 220 194 204 172 165 165 158 154 187 186 182 187 176 147 195 231 232 165 181 153 175 156 129 129 158 150 121 100 89 87 86 86 99 109 98 83 77 77 75 117 120 82 110 112 87 109 112 88 97 83 114 118 104 100 80 97 104 87 89 89 110 128 109 109 111 114 116 146 151 132 156 151 124 116 113 112 125
210 207 204 221 220 226 221 225 227 195 195 192 187 185 178 171 171 199 196 210 211 210 183 185 157 156 153 151 150 150 150 134 134 179 166 199 147 164 146 170 146 125 117 133 143 122 116 116 110 89 83 83 93 81 77 77 76 75 75 110 82 88 78 78 91 98 88 80 83 116 108 91 91 79 83 86 83 112 128 93 99 106 150 155 157 141 125 146 161 163 151 124 137 141 102 100
205 191 191 200 203 209 232 223 206 211 213 205 199 202 189 196 168 196 202 166 184 177 160 158 156 156 172 180 152 150 150 133 133 166 159 183 139 133 137 140 135 130 102 100 103 93 93 91 93 92 85 81 81 81 86 77 76 74 74 82 81 74 74 102 112 107 85 76 75 106 104 110 74 74 77 109 93 93 93 93 127 135 155 159 159 125 147 174 172 158 124 124 140 113 106 103
203 185 188 200 214 230 220 212 198 206 211 195 197 178 194 205 167 167 162 162 160 160 157 157 157 182 224 221 200 158 143 131 133 162 145 134 131 108 108 106 103 103 98 93 93 93 93 93 87 83 83 83 103 103 120 106 97 91 74 74 74 74 100 106 111 102 74 74 74 109 101 87 74 81 88 93 93 108 144 138 143 151 154 134 107 122 163 174 174 158 168 160 153 116 126 103
185 185 185 193 223 232 217 209 198 192 191 183 180 178 173 167 167 167 167 179 167 191 164 190 204 192 217 218 216 192 151 130 150 160 166 118 115 110 146 154 103 101 98 135 116 126 126 93 103 96 100 105 86 86 83 75 74 74 74 74 74 74 88 98 107 108 74 74 102 109 87 83 74 100 108 110 113 141 151 135 127 138 136 105 107 122 126 161 169 153 158 155 132 122 140 130
179 185 210 205 212 198 212 197 193 192 191 219 201 184 174 181 187 178 221 222 197 184 172 193 193 199 217 176 159 174 155 127 147 149 118 118 123 122 147 148 104 101 103 128 122 115 93 93 119 121 90 90 90 85 85 95 110 105 103 74 74 74 74 94 115 114 74 74 107 110 101 74 74 110 96 96 117 146 134 120 105 141 138 99 108 119 152 155 156 133 143 146 158 158 142 130
178 193 203 189 190 198 211 195 193 201 199 197 193 187 215 181 231 229 246 241 188 184 210 199 170 187 192 207 156 138 136 126 121 151 123 152 132 164 165 135 116 108 103 129 134 112 93 112 121 120 93 111 113 89 114 106 110 86 78 74 74 74 74 100 115 109 74 74 119 104 106 74 74 86 94 116 128 142 138 92 105 135 105 96 103 107 128 130 155 127 124 141 156 126 126 113
208 184 184 185 232 236 204 219 216 206 247 212 244 236 228 202 214 231 229 193 192 217 206 196 169 159 170 151 140 138 138 137 125 154 156 155 159 176 177 148 139 126 130 107 107 117 116 110 106 93 93 113 120 118 108 94 90 88 93 93 81 114 74 87 94 100 74 74 101 126 74 74 74 124 94 121 125 102 112 92 116 88 88 94 152 151 128 164 164 140 117 133 153 138 126 133
176 179 195 220 230 198 202 218 239 241 215 208 191 222 214 238 213 226 229 210 215 215 199 200 193 151 151 151 161 172 137 137 148 170 159 159 145 131 116 129 133 141 111 111 102 114 116 113 114 93 130 124 116 99 99 96 108 107 105 109 108 110 74 74 74 74 74 74 92 103 74 119 128 114 127 121 121 95 87 87 87 88 88 117 118 156 162 164 155 129 117 140 145 116 148 141
202 213 199 202 190 190 222 229 241 206 191 187 191 221 201 229 214 224 223 222 219 163 168 169 177 155 194 192 177 146 144 156 152 189 190 161 148 124 116 116 116 115 111 112 102 95 95 93 93 93 98 129 128 100 114 121 119 103 105 115 91 74 74 74 74 74 74 74 95 91 74 74 119 110 116 110 127 83 86 108 115 129 130 133 154 166 165 143 134 123 115 132 103 103 146 135
191 216 219 198 194 181 180 182 203 203 184 184 228 235 196 191 181 179 227 219 190 159 157 186 187 170 163 179 174 169 133 120 112 140 151 159 115 120 113 105 129 126 129 137 98 98 107 107 95 95 98 127 128 120 123 94 93 102 98 96 74 74 74 74 74 100 74 74 74 74 101 74 74 74 124 94 105 74 74 133 130 141 108 109 138 144 155 121 117 110 115 126 102 103 110 154
213 208 195 178 188 191 176 166 201 180 180 202 230 227 208 200 199 167 164 165 158 157 155 189 161 158 145 171 163 160 166 161 105 145 151 148 86 114 103 105 123 124 136 136 103 120 116 106 106 107 130 131 117 110 106 99 90 86 84 89 74 79 117 117 104 110 106 74 74 128 129 112 74 74 92 74 74 74 121 126 121 143 90 93 130 114 153 153 100 102 139 96 96 123 145 150
212 182 176 176 175 203 188 172 184 172 189 190 201 218 218 179 188 175 155 153 175 172 152 148 157 159 144 131 129 129 157 166 145 128 124 124 86 115 126 132 105 115 121 131 119 122 107 101 102 115 129 128 123 109 117 118 116 87 84 87 110 110 111 102 111 74 74 74 131 134 110 95 129 101 74 74 111 109 116 146 152 132 125 129 136 144 149 121 109 123 115 98 120 139 140 139
208 205 176 187 172 183 189 168 162 170 178 220 227 215 219 218 176 161 161 192 161 154 153 174 170 138 134 134 177 114 102 95 95 126 99 95 104 94 94 94 105 124 104 96 96 120 126 127 103 129 126 120 96 96 91 90 87 87 91 91 111 117 105 100 78 74 94 80 124 135 121 121 121 122 120 74 74 74 87 133 130 122 81 120 127 131 139 119 125 114 85 138 138 130 107 98
206 184 197 168 168 177 200 184 162 196 177 170 204 217 219 195 202 172 182 195 162 176 184 170 140 138 139 168 146 130 108 151 79 95 99 89 107 87 106 118 127 121 101 96 123 113 130 129 126 119 115 97 93 92 92 90 90 122 100 119 112 111 91 82 79 101 94 122 141 142 108 93 91 104 97 100 74 74 123 132 132 102 74 121 81 91 92 123 122 80 82 122 120 97 97 97
180 169 169 164 155 155 182 155 162 162 166 168 195 199 193 171 164 205 191 189 175 174 169 151 146 166 168 182 180 154 160 147 103 76 84 82 83 87 93 109 131 115 107 93 117 93 99 102 126 127 117 106 93 100 93 102 111 112 116 92 92 92 92 91 101 101 125 139 109 108 120 117 81 74 74 74 74 74 74 97 102 74 74 74 80 121 123 111 78 79 111 114 106 87 85 117
181 169 167 155 184 155 155 155 182 179 181 199 190 241 235 183 159 171 191 176 165 164 162 164 175 154 179 164 142 151 109 101 110 73 82 82 82 85 87 118 121 109 86 93 93 93 121 122 137 117 123 106 129 104 129 123 121 95 92 92 92 123 95 114 110 134 147 133 131 101 94 88 81 81 108 74 74 102 74 74 74 74 88 99 125 125 118 70 74 118 127 103 72 74 81 84
186 169 181 149 155 155 206 188 188 186 173 182 174 180 165 176 158 158 190 169 155 154 148 163 184 150 144 196 102 98 111 88 85 93 97 82 82 84 119 103 115 84 84 107 110 115 135 135 119 101 121 136 131 130 134 113 104 99 113 127 92 133 112 125 142 157 137 113 100 98 90 90 127 107 74 74 125 114 114 74 74 74 74 74 119 118 82 69 84 116 112 97 71 74 109 109
192 155 156 147 147 184 176 189 166 166 172 180 172 184 163 159 158 152 177 175 175 165 144 172 186 181 129 115 93 86 86 104 103 108 108 82 82 116 116 87 84 84 84 94 122 111 119 117 94 101 106 122 134 124 124 110 109 143 127 128 103 128 129 138 146 130 114 107 100 100 120 129 128 93 89 133 137 99 84 74 118 114 74 74 119 106 69 69 114 122 106 71 71 112 112 87
156 152 141 141 147 162 185 186 163 178 177 168 171 186 157 178 184 175 145 165 180 170 140 147 164 150 144 101 93 95 83 101 98 95 85 85 102 110 108 81 81 110 116 127 130 93 100 90 94 125 125 125 125 132 118 136 146 142 122 140 138 153 157 163 152 119 119 161 140 133 131 118 132 93 117 137 113 107 121 116 101 74 74 69 69 69 69 108 108 99 70 70 70 75 76 84
146 140 140 173 173 171 174 171 159 160 160 161 176 174 157 154 201 213 143 139 160 151 140 124 123 164 106 90 83 83 83 93 95 101 105 99 79 100 89 81 95 99 125 123 126 90 90 88 90 100 114 122 116 117 136 138 127 121 116 146 140 155 134 159 162 145 154 155 153 112 105 103 97 96 130 140 132 134 116 84 74 74 135 111 98 69 69 105 106 70 70 107 99 107 76 91
142 134 161 174 175 180 166 156 159 159 179 179 184 186 160 144 171 168 168 132 168 170 159 147 112 112 94 90 150 128 80 79 78 94 95 86 78 91 78 80 105 96 105 118 96 86 85 88 89 99 123 127 113 113 137 132 132 121 110 130 122 127 130 155 166 167 152 138 113 112 112 111 106 148 134 143 133 103 94 84 98 130 136 121 72 67 67 92 65 70 94 93 98 113 105 114
130 130 180 152 168 180 156 156 161 191 181 185 191 154 142 140 138 135 134 132 124 150 124 157 140 143 156 154 149 95 98 116 78 82 92 90 77 78 78 105 97 96 118 101 83 83 83 97 106 108 121 126 110 119 126 141 122 124 108 114 116 121 157 150 151 165 160 124 124 154 122 114 126 151 147 133 115 103 98 105 141 143 127 90 65 65 65 65 65 68 68 71 85 85 105 117
167 130 129 144 169 151 151 159 178 186 188 179 187 156 167 163 159 155 134 120 118 112 105 102 102 154 172 149 94 82 81 117 88 69 87 89 76 91 94 104 89 93 123 104 83 81 97 101 113 99 119 102 104 127 134 124 105 104 102 110 140 118 123 126 130 163 169 129 154 141 157 144 143 159 166 148 139 103 141 115 145 127 101 100 88 65 92 65 65 65 81 107 96 104 107 113
159 159 129 152 151 151 176 163 163 187 176 158 181 179 180 148 153 133 127 120 112 108 102 102 102 102 102 98 92 81 77 77 91 86 79 89 74 97 81 104 89 100 106 103 90 81 107 102 89 99 107 102 102 127 126 110 110 102 102 130 118 118 119 160 166 166 171 142 115 115 141 146 135 131 158 157 132 138 136 136 135 132 91 78 70 99 94 77 65 65 91 100 108 103 93 101
133 129 129 157 151 154 177 169 185 153 156 158 179 158 165 144 142 141 154 147 160 112 146 147 110 102 102 98 98 131 94 77 82 92 71 71 74 72 79 100 89 108 107 100 96 81 81 81 87 96 106 118 102 121 121 125 96 96 125 121 118 132 147 138 141 125 132 140 114 108 141 140 103 109 130 127 107 146 116 109 121 95 87 78 70 68 87 65 65 65 81 90 92 93 71 72
154 146 129 143 141 141 141 155 178 143 143 143 144 151 167 202 179 186 165 129 120 120 148 143 126 108 152 150 159 160 90 77 87 93 86 69 76 71 93 85 89 102 89 81 81 81 98 114 116 108 121 123 102 102 117 127 96 112 124 136 114 149 134 139 123 111 102 125 108 108 139 142 103 98 98 97 106 117 150 105 88 84 76 73 71 66 65 64 63 63 63 70 94 65 69 102
145 143 129 127 155 141 141 178 161 142 130 143 222 225 175 201 198 169 137 129 154 120 144 152 145 173 170 158 124 114 80 77 88 94 88 68 69 69 100 85 106 99 81 81 81 114 107 112 99 109 125 116 101 101 102 125 95 131 138 127 114 111 111 152 141 101 96 124 133 100 117 140 142 116 90 90 127 136 145 132 125 84 102 78 71 97 65 92 63 63 82 65 65 65 73 106
147 138 125 125 137 140 157 171 159 129 140 160 232 227 180 201 203 198 174 174 170 124 166 170 155 160 164 87 87 82 90 73 72 102 98 68 91 90 79 85 85 77 77 84 95 99 112 88 88 107 130 118 101 94 97 94 95 135 124 109 138 136 106 151 130 90 92 132 128 100 119 139 126 81 81 128 144 134 119 94 113 105 119 94 101 99 99 98 95 63 63 63 81 90 101 103
