tests/testdata/gmted/be75_grd/be75_grd
ncols        488
nrows        345
xllcorner    -79.270972222222
yllcorner    35.518611111111
cellsize     0.002083333333
NODATA_value  nan
[rows 225 to 269 of 345, columns 96 to 191 of 488]
123 118 105 114 111 130 130 100 107 96 86 75 68 68 84 85 68 68 68 68 68 68 68 68 68 68 88 88 82 93 96 98 89 92 98 95 89 89 87 90 92 84 80 80 92 95 107 106 105 89 90 106 105 93 97 96 88 85 89 103 102 102 103 107 110 103 99 99 104 106 95 90 100 92 84 84 84 94 102 98 101 115 103 105 106 111 114 119 110 102 112 103 103 103 107 108
120 119 105 101 101 101 111 95 93 100 84 76 68 68 68 83 85 68 68 68 68 68 68 68 68 88 89 82 91 93 91 90 92 100 96 92 91 91 86 84 81 80 80 91 93 95 100 106 107 89 94 106 109 105 86 86 87 85 93 95 107 104 104 94 101 96 93 99 109 108 97 88 84 84 84 89 87 87 88 89 96 96 96 96 97 110 111 118 117 113 124 122 116 118 116 118
129 120 108 106 114 100 94 94 85 98 80 68 68 78 68 68 82 68 68 68 68 68 68 68 73 81 74 74 80 84 83 88 92 88 91 92 81 89 88 88 80 80 84 97 98 99 100 100 95 86 104 106 103 97 95 83 84 86 90 99 100 92 97 89 93 93 104 101 104 100 97 91 87 84 84 87 90 96 95 104 110 96 96 101 97 99 119 126 122 124 125 123 120 126 123 137
132 120 108 122 119 123 124 92 84 78 69 68 89 90 68 68 68 71 68 68 68 68 68 68 68 68 74 82 85 93 84 84 90 89 84 90 84 84 94 88 80 79 90 92 96 88 91 89 90 85 90 103 98 94 90 83 83 91 100 100 94 93 93 91 91 108 108 101 104 95 98 91 92 83 83 95 100 109 101 115 118 112 101 103 114 100 100 112 118 127 133 127 138 140 133 133
138 123 126 123 120 109 110 107 85 83 82 75 89 84 71 68 68 68 68 68 68 68 68 68 68 68 74 75 83 83 88 83 87 88 90 88 92 79 87 94 85 70 82 96 96 93 93 91 92 82 94 86 87 91 93 80 81 96 103 99 87 87 87 88 105 99 107 94 103 105 86 82 82 83 87 99 103 110 111 120 121 116 114 110 118 116 123 130 134 132 135 138 138 142 136 132
126 123 127 126 122 109 105 90 85 87 81 79 88 87 79 70 68 68 68 68 68 68 68 68 68 83 92 93 85 83 83 83 90 92 88 84 88 76 94 96 86 70 70 89 92 78 92 92 75 77 83 78 71 77 71 74 89 90 88 82 85 100 102 98 105 102 92 98 97 81 85 82 82 83 83 85 88 92 93 99 103 112 117 110 110 125 129 126 131 132 126 131 131 139 139 120
116 114 116 124 124 120 114 115 91 86 81 80 89 89 81 71 68 68 68 68 68 68 68 68 68 84 92 89 91 90 91 88 82 84 87 87 86 71 92 83 86 68 68 91 84 76 69 68 68 68 68 76 71 71 75 85 88 77 81 72 83 84 85 86 87 102 86 82 83 82 82 82 91 94 95 107 91 98 115 116 106 115 117 125 118 131 132 123 118 118 126 128 129 130 119 105
107 103 95 95 95 95 92 91 88 88 83 85 86 87 88 71 68 68 68 68 68 68 68 68 68 83 87 90 91 84 80 73 77 75 71 72 74 68 68 70 68 68 68 68 68 68 68 68 68 68 68 69 69 71 71 71 71 71 71 71 72 75 87 80 82 83 82 82 82 82 87 82 90 102 105 106 94 94 112 120 114 124 125 125 123 130 133 128 115 112 119 127 131 128 114 105
117 130 150 127 118 112 96 98 79 76 82 82 80 82 86 86 68 68 68 68 68 68 68 68 80 84 80 89 89 79 73 68 68 68 68 68 68 68 68 68 68 68 68 68 68 68 68 68 68 68 77 81 69 85 82 82 86 84 86 83 79 80 81 81 81 82 82 82 82 92 95 88 88 94 98 105 108 101 105 118 122 113 113 119 127 126 126 118 114 111 119 126 131 115 102 105
144 146 148 128 115 116 112 100 89 73 73 82 79 83 81 77 70 68 68 68 68 68 68 76 88 91 91 72 71 69 68 68 68 68 68 68 68 68 68 68 68 68 68 69 93 91 81 85 73 88 90 92 76 78 84 88 92 92 93 88 88 85 81 81 81 87 90 83 95 97 96 95 88 88 105 112 113 113 111 122 123 108 115 117 120 122 120 115 110 111 120 118 112 106 102 112
147 138 141 139 129 129 115 107 96 82 70 70 71 81 81 79 73 68 68 68 68 68 68 68 85 73 68 68 68 68 68 68 68 68 68 68 68 68 68 89 88 88 82 71 87 93 88 99 83 87 94 92 98 81 91 96 102 98 101 95 89 85 96 98 99 97 92 94 92 100 99 102 106 92 99 116 118 112 119 113 116 106 111 115 114 121 119 110 110 116 122 109 99 99 101 102
142 136 125 119 113 103 96 93 95 85 70 68 68 83 82 82 77 75 68 68 68 68 68 68 68 68 68 68 68 68 68 68 75 68 68 68 68 78 83 86 90 84 93 80 80 92 93 101 97 89 94 105 104 90 90 100 102 101 102 98 91 104 93 105 108 97 95 97 97 104 107 110 106 100 110 113 108 106 117 103 101 101 106 111 123 126 124 110 110 120 117 99 96 109 110 105
137 132 133 123 122 118 120 91 81 79 70 70 68 76 82 85 84 75 68 68 68 68 68 68 68 68 68 68 68 68 68 82 78 77 68 68 68 72 83 87 95 92 93 84 80 91 103 103 91 96 103 103 93 97 101 102 104 106 104 98 105 104 103 106 104 100 97 106 112 113 108 106 110 114 112 97 96 97 99 101 101 108 109 116 123 121 110 109 118 119 111 96 96 109 119 121
138 128 137 124 117 118 117 106 101 87 81 70 68 84 88 87 87 86 73 68 68 68 68 68 68 68 68 68 68 68 69 81 86 90 89 73 74 72 73 90 91 96 96 84 85 90 95 105 100 103 103 100 106 111 105 101 109 111 111 107 107 100 101 99 99 103 101 103 109 106 101 106 105 115 112 99 93 96 106 105 114 114 113 114 122 118 103 106 112 109 96 96 111 127 130 127
128 116 111 110 109 113 100 102 100 86 82 70 68 85 90 87 87 86 73 68 68 68 68 68 68 68 68 68 83 90 83 81 87 89 87 83 74 91 80 84 91 97 99 94 97 97 99 106 105 105 88 97 95 106 106 103 99 109 112 111 103 105 106 96 102 104 102 94 94 99 106 104 107 109 103 100 93 102 103 105 105 105 113 115 111 103 103 114 115 105 96 98 101 111 128 135
116 116 133 121 96 94 90 86 86 79 70 70 70 76 78 79 84 83 71 68 68 68 68 68 68 68 68 74 84 91 91 95 99 98 91 90 81 91 93 85 90 93 95 90 96 105 106 99 91 89 87 96 98 103 105 105 102 115 99 104 98 87 86 100 105 107 108 99 94 93 98 104 106 98 97 92 93 101 94 94 94 94 94 96 97 103 108 114 114 94 96 109 116 127 126 132
139 135 146 141 135 115 121 100 85 81 74 75 68 76 76 76 83 83 74 68 68 68 68 68 68 82 70 71 82 87 92 89 96 93 89 87 85 89 87 93 97 98 93 95 97 103 95 94 92 87 87 97 102 100 98 92 99 103 103 105 97 85 85 94 102 99 110 106 89 89 94 104 110 96 96 91 92 94 94 93 99 102 104 105 112 106 110 109 97 94 99 104 113 128 132 129
141 151 150 150 135 130 122 108 102 102 70 68 68 68 68 73 78 68 68 68 68 68 68 68 68 73 86 71 71 83 87 98 90 93 95 92 95 100 94 94 96 96 90 91 98 97 90 88 87 87 90 100 108 107 98 92 88 99 97 97 90 85 85 96 96 96 95 105 87 102 104 104 106 85 85 95 104 105 98 103 106 108 112 112 112 108 110 93 94 94 111 112 112 105 107 120
136 137 149 130 123 116 121 111 95 91 79 68 68 68 68 77 74 69 68 68 68 68 68 68 68 79 82 84 90 77 87 98 98 97 94 92 92 95 96 104 97 92 86 86 91 90 91 87 87 85 95 102 105 100 95 92 84 94 97 100 96 84 83 91 93 97 94 90 82 85 85 85 85 85 92 103 104 103 106 107 117 115 109 108 100 95 95 94 94 106 110 97 99 105 121 121
136 134 133 131 124 109 110 109 106 105 79 68 68 68 68 76 81 80 68 68 68 68 68 68 68 68 87 86 90 91 94 96 94 98 90 90 88 94 99 104 97 92 89 86 85 87 88 87 89 92 96 97 101 95 92 92 96 106 108 98 96 85 83 83 81 81 81 82 82 83 85 88 87 98 99 101 107 109 106 107 104 97 92 103 90 90 91 92 94 94 95 97 99 113 123 130
136 140 128 115 109 103 96 92 83 82 86 86 68 68 68 70 83 80 68 68 68 68 68 68 68 68 72 77 85 94 102 99 98 89 85 85 85 87 92 95 100 96 90 90 82 82 82 86 98 100 103 103 93 97 86 100 104 106 99 91 85 85 90 91 89 80 81 81 96 97 92 97 98 97 107 109 104 100 109 105 97 90 88 88 89 99 100 94 105 103 108 98 100 101 103 106
108 113 114 108 99 108 110 110 94 75 85 88 68 68 68 68 73 73 68 68 68 68 68 68 68 73 79 84 90 96 100 95 96 87 84 81 97 96 89 95 90 97 96 93 79 77 98 105 103 105 101 102 98 102 86 97 95 95 91 87 88 90 90 90 79 78 86 95 96 94 102 101 104 96 107 97 92 104 105 101 90 88 88 100 97 110 109 106 110 111 114 111 112 117 120 122
105 101 98 98 92 88 88 95 87 74 68 68 68 68 68 68 68 70 68 68 68 68 68 68 68 88 95 94 90 85 97 96 95 90 85 77 94 97 97 95 85 95 93 93 75 77 88 97 104 101 103 100 102 101 86 85 101 101 96 82 75 77 80 81 77 77 79 82 80 88 90 99 91 90 94 95 94 85 84 84 87 88 93 107 111 115 114 110 123 126 122 122 122 132 136 130
131 134 130 126 110 110 81 76 77 78 81 68 68 68 68 68 68 68 68 68 68 68 68 68 68 84 86 84 72 84 88 87 88 89 75 81 85 88 87 88 88 91 91 81 73 74 83 101 101 102 99 103 99 96 78 78 86 85 84 77 77 77 77 77 77 85 80 81 82 82 84 80 88 81 87 84 84 84 84 98 105 108 106 107 110 118 123 121 120 125 116 120 127 133 137 139
112 110 113 110 102 95 92 71 68 68 68 68 68 68 68 68 68 68 68 68 68 68 68 68 68 69 68 68 69 86 92 93 90 75 74 85 91 90 86 77 78 90 86 71 73 76 95 97 93 91 98 91 97 85 80 73 85 79 77 77 77 77 85 85 86 86 89 85 82 82 82 79 82 82 82 84 92 84 88 90 106 105 102 102 112 113 117 112 101 103 116 118 125 128 129 132
117 118 100 99 92 90 89 82 72 68 68 68 68 68 68 68 68 68 68 68 68 68 68 68 68 68 68 73 82 91 96 92 93 81 69 88 85 80 83 77 90 90 71 71 88 90 89 93 93 85 89 93 94 86 75 72 72 73 77 77 77 88 86 88 93 94 90 84 82 86 82 82 82 84 88 99 93 89 88 89 90 90 95 109 109 111 110 105 101 126 128 137 138 137 130 132
112 109 107 98 97 85 84 79 71 68 70 68 68 68 68 68 68 68 68 68 68 68 68 68 70 74 75 82 86 95 96 87 84 72 87 87 82 82 86 77 70 84 68 76 81 89 91 94 91 79 92 90 93 72 72 72 72 83 77 77 79 89 87 93 93 99 102 84 92 96 95 93 86 92 100 102 92 92 106 106 99 90 90 90 90 92 93 93 113 129 130 136 128 133 130 129
106 101 97 99 100 92 76 72 72 85 69 68 68 68 68 68 68 68 68 68 68 68 68 70 70 84 86 85 95 94 83 83 91 78 85 84 75 77 87 77 68 68 68 81 85 82 93 91 90 72 75 69 69 69 76 73 75 78 81 77 84 84 85 93 97 105 106 106 89 104 106 93 91 97 101 102 92 92 98 107 101 90 97 97 90 93 93 97 109 110 118 120 119 137 140 128
100 107 101 92 88 83 79 73 85 68 68 68 68 68 68 68 68 68 68 68 68 68 68 76 82 89 91 93 95 89 91 91 90 90 68 68 68 68 68 68 68 68 68 68 68 68 68 68 68 68 68 69 71 70 70 73 89 88 91 92 88 95 85 86 101 94 101 105 109 101 106 93 107 101 103 100 96 99 103 109 109 91 104 106 108 108 94 118 113 110 112 116 127 130 129 112
94 103 92 89 87 84 86 89 75 68 73 68 68 68 68 68 68 68 68 68 68 68 81 82 88 93 88 85 92 94 85 85 76 76 68 68 68 68 68 68 68 68 68 68 68 68 68 68 68 68 68 69 77 81 73 75 80 82 92 93 98 98 92 86 89 93 101 106 108 110 100 100 103 109 111 103 107 106 105 109 96 96 104 107 110 112 98 100 117 121 122 125 126 130 125 111
81 93 91 88 88 88 84 81 77 78 71 68 68 68 68 68 68 68 68 68 68 68 76 82 86 93 92 93 93 94 89 68 68 68 68 68 68 68 68 92 68 68 68 68 68 68 68 68 68 68 78 69 77 89 93 80 90 87 89 88 97 104 97 96 92 92 92 92 103 107 105 111 116 111 110 111 107 109 105 104 102 102 109 116 113 125 116 104 114 121 123 125 118 121 110 111
80 75 72 86 89 84 84 72 80 77 75 68 68 68 68 68 68 68 68 68 68 68 69 79 83 85 87 94 85 69 76 68 68 68 68 68 81 80 70 93 88 68 83 84 73 79 82 87 82 79 86 86 83 92 95 85 90 95 85 93 100 103 104 105 98 92 99 96 96 100 107 107 114 114 113 111 112 113 112 113 114 107 113 122 126 125 108 110 125 125 124 123 111 104 110 118
75 83 71 68 73 80 86 85 68 72 69 69 68 68 68 68 68 68 68 68 68 68 68 71 79 86 73 88 90 92 68 68 68 68 86 76 73 80 80 86 85 78 88 82 78 85 87 86 82 82 92 90 90 89 94 93 88 96 95 99 97 105 104 101 102 98 109 111 101 101 104 105 110 114 114 112 115 114 117 116 117 114 118 129 129 112 113 117 121 122 117 112 107 103 108 118
85 80 72 68 81 86 86 76 68 68 68 68 68 68 68 68 68 68 68 68 68 68 68 68 68 69 68 78 71 68 68 68 68 76 80 83 81 88 89 87 85 91 92 90 81 95 99 100 89 85 91 90 92 103 90 89 90 106 108 105 101 106 107 114 110 103 108 116 116 115 114 106 112 112 106 109 113 116 123 115 116 127 128 129 120 121 118 123 125 118 113 106 102 102 108 125
79 69 68 68 68 80 71 72 68 68 68 68 68 68 68 68 68 68 68 68 68 68 68 68 68 68 68 68 68 68 68 68 82 80 82 84 94 94 86 87 85 91 93 87 87 87 98 94 91 97 92 97 102 102 99 104 103 106 106 104 101 102 100 106 109 113 115 115 115 107 103 108 108 96 104 108 109 117 122 112 113 119 122 119 127 122 116 119 124 124 119 113 103 99 105 111
84 84 80 68 68 68 79 68 68 68 68 68 68 68 68 68 68 68 68 68 87 94 76 68 68 68 68 68 68 68 81 84 89 88 78 85 89 95 78 86 95 94 92 90 99 97 98 98 93 96 98 100 101 95 103 99 98 97 98 100 90 99 106 99 102 103 115 116 102 95 95 95 95 95 95 100 100 106 111 110 128 128 122 122 118 117 114 108 108 111 115 121 117 97 97 105
84 82 71 68 68 68 68 68 68 68 68 68 68 68 68 68 68 68 101 112 113 95 95 72 68 68 75 70 72 68 68 77 76 84 83 83 76 82 77 91 93 98 99 89 92 92 92 96 100 99 105 91 95 99 100 92 101 101 91 91 89 108 106 103 103 104 100 104 95 95 89 95 110 95 114 110 119 114 118 117 120 117 111 122 122 120 120 114 105 109 122 122 113 101 93 100
84 84 84 69 68 68 68 68 68 68 68 68 68 68 68 68 68 86 96 105 104 92 85 68 68 68 78 80 93 78 68 68 68 68 68 68 68 68 69 83 85 90 90 83 93 101 98 90 94 97 101 85 100 103 97 84 84 97 93 86 86 92 92 103 90 93 101 93 95 110 113 114 113 110 115 114 118 118 116 118 120 120 110 118 123 125 128 122 105 105 110 111 113 100 93 93
87 88 83 76 68 74 68 68 68 68 68 68 68 68 68 68 81 95 104 113 113 93 91 68 68 68 77 89 91 84 72 68 68 68 68 68 68 68 68 85 93 93 78 83 101 104 89 95 99 91 84 84 99 99 94 83 95 96 92 86 86 86 86 86 90 90 90 91 105 110 110 110 108 113 112 120 122 112 104 109 122 107 110 123 123 116 115 108 104 94 103 107 103 103 93 86
81 90 88 86 89 91 80 68 68 99 99 68 68 69 80 83 95 97 112 112 111 95 89 68 68 71 80 94 88 79 72 70 77 76 68 74 80 68 68 68 72 78 74 78 84 88 77 94 97 96 82 87 99 99 82 83 83 89 86 86 86 100 99 102 101 90 99 105 105 107 111 111 107 116 115 111 107 97 111 111 116 104 121 122 123 113 109 102 96 91 100 105 105 107 93 93
95 95 90 92 99 101 95 68 68 90 75 68 68 76 84 93 95 104 113 115 94 87 80 68 68 90 95 95 92 78 78 79 87 85 88 78 87 79 68 68 68 68 68 69 70 83 71 73 77 79 82 82 82 82 82 85 86 86 86 95 86 100 104 100 102 93 96 100 100 109 109 116 105 115 114 112 113 93 95 97 101 101 119 110 107 107 108 109 106 88 98 107 101 105 93 92
97 91 84 88 82 82 68 68 104 103 87 68 68 76 88 106 107 114 116 102 94 95 84 68 68 68 93 91 85 85 89 92 90 89 84 81 87 88 93 92 68 68 92 89 70 70 71 85 87 90 88 79 85 88 89 96 95 92 95 98 95 94 97 107 107 100 98 101 105 110 112 104 100 109 111 108 104 93 95 108 111 116 114 112 105 96 105 110 94 85 96 94 98 106 92 92
94 83 68 76 76 68 68 86 108 109 85 68 68 74 91 108 108 111 107 100 92 92 79 68 90 68 68 75 88 79 81 81 87 89 93 93 91 86 90 88 75 75 92 92 81 72 74 95 92 90 89 87 92 95 96 103 100 106 97 105 96 96 108 112 114 114 112 113 116 103 113 92 94 109 107 107 92 93 105 106 116 116 107 104 107 96 96 103 96 85 91 102 105 103 87 99
99 71 68 68 68 68 68 85 105 104 88 74 68 80 87 103 106 104 97 91 92 92 68 68 89 90 68 68 68 72 72 88 88 87 92 88 93 96 96 97 89 79 91 92 90 91 74 93 91 87 87 87 87 87 87 88 95 107 99 113 106 100 106 109 111 107 105 113 102 99 96 92 92 106 106 92 92 102 102 102 114 118 104 101 109 111 95 88 99 83 102 105 101 103 86 87
118 68 68 68 68 89 74 83 109 108 89 79 73 74 86 112 109 99 92 92 91 86 76 74 86 90 86 68 69 94 73 85 83 84 85 87 95 99 96 98 89 85 96 91 95 90 77 77 80 82 83 83 87 87 104 102 107 98 99 105 107 102 102 107 102 111 113 97 108 110 95 92 92 105 101 97 91 108 109 109 111 107 101 92 108 103 99 88 86 83 97 102 93 94 84 92
