tests/testdata/gmted/be75_grd/be75_grd
ncols        488
nrows        345
xllcorner    -79.270972222222
yllcorner    35.518611111111
cellsize     0.002083333333
NODATA_value  nan
[rows 90 to 134 of 345, columns 96 to 191 of 488]
186 208 209 202 207 199 210 208 203 202 210 209 204 195 206 166 159 159 159 157 154 152 153 156 157 155 143 137 127 145 142 136 139 145 146 148 146 150 150 123 120 120 137 143 135 140 152 142 142 128 129 135 138 148 149 158 159 152 162 165 142 123 132 131 130 117 113 103 108 101 103 117 118 125 126 126 129 121 126 124 126 127 116 124 120 100 100 100 98 94 94 95 100 114 121 121
182 185 192 204 207 191 190 201 204 215 216 223 218 223 217 200 180 153 150 148 155 154 148 156 151 151 140 130 127 135 141 130 126 133 145 145 139 140 138 123 133 132 133 138 142 147 142 134 132 132 160 160 163 151 155 164 162 157 164 161 139 134 135 126 129 116 108 108 117 104 103 103 113 128 128 117 121 124 125 126 129 126 117 107 106 105 110 107 95 94 111 108 100 109 118 114
173 180 200 200 185 197 195 196 196 199 210 212 221 220 202 188 173 161 161 145 142 141 147 151 143 147 147 134 127 132 132 132 126 124 132 152 153 135 130 123 130 141 136 136 151 162 142 135 132 132 152 153 153 164 168 168 164 164 164 153 132 133 129 133 128 116 122 126 114 109 103 103 109 109 119 113 126 127 127 124 120 121 120 120 118 109 102 105 109 108 111 115 112 110 116 115
170 182 182 179 197 202 184 173 213 220 223 218 205 202 179 169 166 168 170 154 146 138 138 138 137 137 137 137 127 136 126 126 140 136 128 142 127 123 123 123 150 152 153 142 142 162 152 149 155 141 143 144 157 158 169 168 157 161 156 137 133 128 126 121 117 116 124 124 126 116 107 110 109 110 110 111 121 129 130 129 129 124 121 119 116 105 105 109 108 109 116 121 111 111 118 120
170 170 182 175 182 182 172 171 212 196 183 180 175 173 155 169 171 167 154 152 159 156 138 138 137 148 146 143 127 126 126 150 144 120 124 144 148 138 143 132 135 153 155 153 144 151 148 156 158 160 144 144 158 158 159 156 151 154 150 132 130 122 122 117 117 125 127 130 129 115 110 123 123 110 121 120 130 131 129 128 127 127 116 113 106 105 106 112 114 117 118 116 112 112 120 122
170 169 184 171 168 182 165 171 198 196 168 170 157 155 151 151 151 159 153 155 159 138 138 151 152 155 151 140 140 145 132 130 128 125 141 155 159 157 162 153 137 149 161 155 148 147 152 168 162 163 144 153 161 176 159 157 147 153 141 131 124 124 118 118 134 128 129 125 123 118 121 127 126 120 124 124 124 123 123 122 127 127 122 113 119 107 109 117 112 111 116 111 112 107 108 107
171 169 167 178 165 165 165 179 186 175 160 156 149 143 144 151 144 140 140 140 140 140 162 158 152 147 148 148 148 137 135 144 136 154 150 154 153 155 159 158 152 149 154 151 148 157 156 167 164 158 151 150 170 176 177 151 148 141 136 127 124 130 135 131 139 134 134 123 121 119 124 127 125 130 140 135 121 122 115 121 121 127 123 117 114 111 112 121 124 123 118 113 112 104 114 119
184 171 167 161 163 175 167 171 170 161 149 148 141 146 151 151 164 159 140 151 154 156 160 147 149 140 141 138 137 137 140 139 145 154 156 159 165 167 169 161 161 161 158 156 156 165 162 160 172 171 162 158 159 164 163 157 152 152 144 127 126 129 131 133 136 138 134 122 122 133 129 129 129 132 130 134 113 125 115 109 117 116 120 121 120 114 115 123 124 123 112 112 106 112 110 112
195 173 159 161 175 177 163 162 153 154 151 151 151 151 158 171 166 151 158 164 152 149 146 142 141 137 137 137 137 137 151 148 144 152 150 154 157 164 172 170 160 162 163 163 158 156 153 156 157 165 149 149 144 157 157 143 141 148 137 131 125 131 136 131 138 137 134 133 127 133 128 136 127 119 110 112 108 108 108 108 113 117 128 130 130 118 127 133 123 122 121 115 105 103 101 109
188 174 167 158 175 172 168 164 157 151 151 171 173 151 156 160 164 161 161 167 170 155 147 142 144 137 137 137 142 138 142 147 150 150 158 169 161 156 158 157 156 161 159 157 159 156 150 150 150 150 153 148 152 154 154 141 132 133 129 124 123 130 133 133 130 135 133 129 125 125 129 135 131 131 111 111 111 113 105 108 108 127 127 131 117 113 123 129 127 116 116 109 109 115 99 96
174 188 185 155 153 172 169 159 151 151 163 171 171 151 156 173 177 165 168 167 169 169 166 153 143 140 149 152 147 139 150 159 158 153 158 163 164 152 157 168 163 159 162 161 157 154 150 150 147 145 140 137 134 134 141 131 121 124 131 132 118 126 124 131 127 134 140 122 122 121 117 124 122 111 111 114 125 126 120 113 107 127 111 110 119 119 119 124 120 106 106 105 113 114 114 109
166 173 168 155 151 151 151 151 151 160 173 175 160 153 166 170 159 157 158 155 156 161 154 148 143 153 152 154 149 143 153 150 156 153 138 142 147 152 167 167 163 165 162 158 158 161 155 160 162 147 144 143 148 132 129 127 116 123 129 126 116 124 125 130 122 122 122 132 120 120 114 110 111 106 112 123 124 123 123 107 107 107 108 112 117 118 116 117 121 112 102 101 98 112 107 100
161 161 163 151 151 151 151 151 165 161 176 178 172 161 176 168 156 152 152 147 150 152 151 146 144 147 151 157 157 142 150 146 148 146 148 153 159 170 171 157 159 159 162 158 158 163 156 149 151 154 150 143 148 137 128 117 116 116 122 125 116 116 116 132 131 122 119 135 120 112 111 111 112 112 115 122 116 112 129 126 107 103 107 109 109 117 116 117 123 124 115 104 96 111 108 101
169 161 161 157 157 155 156 162 167 173 177 177 161 162 162 163 165 155 152 146 146 148 145 144 144 158 159 152 154 151 149 152 159 174 180 167 162 172 173 159 167 159 159 159 166 167 160 156 154 155 143 142 130 125 127 124 121 116 116 116 116 116 116 116 116 116 116 116 116 115 111 121 119 118 123 122 111 110 110 112 113 102 99 99 103 109 116 118 117 114 118 114 96 94 93 96
168 171 171 161 172 160 161 159 166 178 188 186 180 178 174 159 159 159 161 153 146 146 144 151 151 150 152 152 151 150 145 153 163 194 190 179 167 168 163 157 166 165 171 172 167 167 153 148 149 146 140 137 121 122 124 129 126 121 116 121 121 123 121 111 116 116 116 116 116 115 122 127 124 116 114 108 106 102 101 102 102 113 115 98 98 103 108 106 117 112 103 111 93 88 92 93
167 166 161 161 172 163 171 169 174 183 188 188 174 175 165 163 168 156 148 148 146 158 154 155 151 154 153 154 149 151 137 147 156 174 178 173 179 176 175 173 178 174 165 170 168 156 148 142 143 139 124 120 118 123 123 141 143 128 127 128 127 131 130 120 120 124 132 131 127 116 125 127 125 122 115 108 116 114 101 100 100 100 98 98 98 99 99 98 103 105 105 97 92 90 93 93
168 168 171 179 166 165 174 175 175 175 175 171 170 167 165 166 168 165 163 162 151 157 157 152 150 151 152 152 153 144 125 134 148 161 161 161 167 171 186 187 186 161 159 159 157 152 148 147 134 132 125 118 118 122 124 126 131 128 127 126 125 132 131 125 131 137 132 130 131 133 130 130 130 130 114 109 117 119 116 120 111 110 98 98 95 95 95 95 95 95 93 93 93 93 93 108
176 173 182 180 168 165 172 175 165 172 178 175 183 184 176 176 173 173 162 160 153 154 157 152 157 153 131 121 121 130 116 125 134 142 170 175 173 172 167 171 165 164 161 154 157 158 150 132 131 123 117 117 118 119 123 132 129 112 125 125 119 116 132 127 129 130 132 134 126 131 127 123 120 117 112 115 116 124 126 123 120 98 98 105 105 99 95 92 95 95 108 114 104 98 108 116
195 196 188 183 172 170 169 159 166 172 170 167 171 174 173 170 170 174 164 157 163 161 158 147 134 133 133 139 121 120 116 134 135 132 140 139 148 152 170 173 154 158 154 157 159 148 147 127 119 117 113 117 127 128 126 122 111 108 126 124 108 124 124 128 129 129 132 134 133 130 123 124 113 113 113 125 123 121 117 115 106 99 113 117 115 111 106 105 95 103 108 116 117 110 100 115
180 189 176 169 172 174 164 154 161 165 159 166 178 178 174 164 162 163 156 154 148 148 143 141 139 148 145 144 136 142 116 115 136 123 138 133 132 133 139 142 147 147 152 149 159 147 123 123 142 117 117 117 137 134 122 111 106 106 119 106 106 110 111 127 126 130 129 129 122 119 117 117 117 122 129 130 128 122 119 109 101 99 114 115 122 119 118 108 101 115 119 120 116 97 95 95
166 174 168 164 166 167 159 152 160 158 155 166 178 167 171 169 158 158 150 150 149 155 143 143 158 155 154 154 151 147 141 112 112 126 118 118 131 142 144 145 148 145 144 155 157 153 134 117 115 115 117 117 132 121 115 116 119 106 106 106 124 110 110 125 134 132 129 127 126 126 127 126 124 129 133 138 129 122 115 111 101 113 113 122 122 119 115 112 118 122 112 108 99 98 116 103
153 161 161 159 161 164 150 150 153 152 152 156 169 169 165 162 169 158 165 169 170 162 148 149 153 166 156 161 150 142 141 112 112 122 133 149 153 153 157 157 150 140 143 142 139 139 125 104 121 122 115 114 124 121 112 115 117 106 106 131 123 126 137 136 136 126 121 125 126 133 129 128 126 126 133 136 133 117 119 103 103 113 121 120 126 127 122 120 124 122 104 99 99 116 116 120
152 152 152 158 164 164 149 149 152 152 163 166 171 158 156 159 172 174 175 164 170 160 148 167 166 171 168 162 154 146 127 126 112 125 136 155 155 148 162 162 149 139 138 148 147 125 104 104 110 118 112 118 120 119 105 107 100 106 111 116 116 113 115 124 121 124 116 128 129 130 120 130 132 129 130 130 123 124 111 103 103 113 116 127 128 122 125 122 105 105 104 99 124 123 113 99
149 149 161 162 166 164 149 149 147 158 157 172 171 168 166 146 165 152 166 167 161 155 166 166 170 163 160 157 151 146 127 119 111 133 137 138 155 157 152 151 152 148 136 133 125 125 130 104 96 111 106 109 116 111 106 108 105 106 108 114 110 113 129 123 133 117 119 131 122 123 115 125 134 122 125 127 126 126 115 113 106 107 113 118 119 118 116 115 110 103 103 102 110 115 112 108
149 146 160 155 148 154 155 145 147 157 154 159 170 170 156 139 156 157 163 165 163 161 166 161 159 162 165 163 148 140 133 126 105 121 118 139 148 158 156 146 153 151 143 137 144 115 116 106 87 99 99 114 104 107 109 112 103 103 124 122 123 122 131 127 112 112 129 124 122 114 123 122 121 127 129 128 124 119 119 116 115 116 119 121 118 118 114 115 115 116 111 110 113 113 103 106
145 145 160 176 164 152 145 142 152 153 155 150 149 159 149 138 147 152 152 154 166 170 169 166 169 168 160 160 148 138 127 122 110 126 129 142 146 147 149 140 148 147 147 141 143 114 108 96 86 86 95 102 109 113 115 104 102 110 108 114 122 131 130 127 106 125 125 120 117 114 122 126 124 127 129 129 120 121 127 127 121 108 116 128 127 115 111 108 107 105 107 111 106 102 113 114
145 167 183 180 178 153 141 134 141 152 151 151 146 144 140 127 129 129 142 151 164 158 154 149 159 170 154 165 155 147 139 133 111 110 120 129 140 136 129 124 135 140 132 143 143 128 107 101 86 110 110 117 116 122 118 112 111 118 122 120 125 130 118 119 110 124 121 114 117 122 118 122 119 126 132 131 122 126 122 120 125 134 126 130 119 118 118 114 116 107 113 112 107 113 122 115
156 167 167 169 158 149 136 136 136 152 149 152 151 141 137 131 131 129 159 156 142 147 151 146 155 169 152 142 158 152 140 135 130 106 111 133 145 143 121 111 120 122 119 127 131 127 103 96 87 118 117 114 118 120 119 101 114 121 129 131 123 114 112 116 114 123 108 108 109 109 109 112 118 128 122 120 118 117 115 114 134 134 130 130 127 127 122 114 106 107 111 112 115 121 121 108
155 171 171 169 163 159 160 158 136 136 130 134 134 131 131 150 148 129 129 142 137 150 146 143 153 162 154 138 121 144 127 121 106 106 120 125 123 117 110 103 106 111 115 118 124 116 116 90 93 103 116 125 124 125 107 102 118 121 120 124 112 111 108 105 105 106 108 108 117 113 120 127 129 128 112 122 123 113 107 109 116 119 118 127 127 120 114 114 107 107 108 118 125 120 117 104
160 158 160 164 159 158 152 151 139 134 134 141 144 134 158 163 167 159 127 125 120 149 135 150 164 160 154 138 121 137 112 108 110 120 116 120 120 110 98 98 99 104 105 117 102 95 91 105 110 113 119 122 120 122 104 97 110 112 116 104 100 101 105 105 116 123 117 123 120 114 126 124 124 109 111 126 125 118 100 113 121 108 112 121 127 126 116 110 107 107 112 119 124 121 114 117
161 160 155 146 147 151 153 146 146 134 134 140 154 164 156 155 168 168 166 120 120 152 125 136 139 140 134 107 111 126 108 98 106 114 110 119 107 103 99 91 91 96 99 97 93 90 100 100 105 107 105 114 112 115 112 94 102 113 117 99 99 99 119 120 122 116 114 122 118 118 125 114 109 107 115 123 116 109 96 101 101 104 112 125 126 122 119 113 112 107 107 121 122 117 125 124
149 158 147 149 138 138 139 137 137 137 149 150 162 168 167 176 177 160 120 120 118 114 114 114 125 122 114 99 99 95 89 92 114 112 114 112 98 102 108 105 91 90 90 90 90 93 99 107 107 110 99 99 115 114 100 94 118 116 97 99 102 106 106 110 112 123 120 124 125 127 126 116 107 107 119 108 107 96 96 97 113 126 120 122 119 125 121 118 116 113 107 115 124 125 124 110
149 149 157 145 138 138 138 137 150 158 157 157 165 171 172 175 157 148 122 155 146 136 114 114 109 102 99 99 129 95 95 95 104 113 106 100 96 99 106 104 104 94 90 90 90 103 102 101 109 104 97 95 107 94 94 94 94 94 94 110 106 106 122 117 118 113 128 131 120 118 119 116 104 104 118 108 96 96 118 117 122 128 124 120 113 125 125 124 118 119 119 120 118 123 118 111
155 143 140 138 138 147 139 156 158 169 169 164 163 170 168 168 159 157 130 151 152 155 154 136 108 135 137 135 123 102 95 95 97 104 105 100 95 99 111 105 106 106 90 90 90 111 113 112 105 101 96 92 94 94 90 96 108 113 113 118 122 109 122 123 119 124 125 123 121 118 120 122 116 101 101 106 96 114 116 111 121 119 123 117 110 116 124 134 127 121 124 124 123 124 120 111
143 140 140 140 158 154 143 152 154 170 170 172 169 163 157 158 151 146 138 156 159 159 141 136 147 155 155 135 119 104 94 94 87 87 108 92 93 106 107 107 103 101 90 90 108 110 109 108 107 101 92 92 94 108 107 115 123 124 115 123 123 121 119 118 129 124 122 120 115 111 117 120 119 117 96 96 96 120 116 119 119 118 123 114 106 116 117 117 116 118 119 121 126 123 118 116
156 144 150 166 159 157 164 152 160 160 169 172 176 163 165 149 147 147 152 148 149 149 148 156 157 153 143 135 117 105 98 104 101 82 87 92 105 97 98 99 96 94 90 90 106 106 107 102 103 103 87 87 106 108 101 101 101 102 109 126 130 128 129 129 132 124 123 108 105 105 115 121 117 116 106 96 96 113 111 106 112 125 124 109 103 118 116 111 104 127 127 127 129 123 123 125
146 145 154 167 167 165 166 154 171 170 180 180 173 169 165 150 150 167 168 161 155 153 159 161 158 145 151 124 103 102 104 102 92 79 91 95 86 88 99 96 93 86 89 103 106 112 107 98 90 90 87 87 90 93 93 104 111 102 120 112 126 126 121 126 124 126 121 103 103 114 114 113 113 117 117 96 101 99 101 114 118 120 122 102 103 114 100 100 104 118 116 117 118 116 121 123
146 148 152 161 170 166 169 162 170 175 180 172 173 159 158 154 170 170 168 159 158 157 161 159 147 136 120 110 106 97 90 90 86 79 94 94 86 92 98 97 95 89 89 97 109 112 111 105 85 85 87 95 105 107 108 106 115 118 118 105 131 132 125 125 130 118 115 117 103 101 101 101 101 111 117 96 96 96 115 115 116 116 108 103 103 100 100 113 113 105 110 114 112 105 122 124
164 167 154 157 158 171 172 167 167 167 170 169 160 159 157 157 166 168 168 159 159 153 154 158 159 145 120 133 130 111 97 90 79 79 85 85 84 92 94 94 96 86 89 93 108 100 100 106 108 85 89 102 100 110 102 101 115 94 95 96 99 103 107 117 125 121 125 126 123 115 120 104 101 101 104 96 96 111 109 111 108 117 118 98 97 99 99 111 109 103 110 107 105 105 120 124
169 169 167 173 158 168 174 174 161 178 174 170 179 181 171 181 179 161 153 148 146 144 151 151 141 144 147 144 130 114 98 90 79 83 84 86 84 80 90 95 96 84 84 98 99 94 95 95 95 83 101 102 104 103 94 93 93 93 100 107 120 112 122 123 124 121 118 116 110 122 120 106 109 99 93 93 109 109 117 117 107 117 105 106 94 93 99 102 102 102 102 102 102 105 118 118
168 177 180 180 181 166 165 174 164 175 177 177 169 171 176 175 177 172 156 155 143 139 137 144 125 126 129 119 108 95 91 79 77 75 76 76 76 77 84 87 92 84 82 94 99 101 94 83 83 83 94 102 101 98 93 93 103 110 112 116 120 119 122 120 110 112 120 120 106 122 113 113 112 106 93 92 112 110 93 104 107 105 104 93 93 93 109 102 102 102 102 109 122 109 109 119
166 175 179 183 185 186 173 177 179 170 168 176 167 160 157 155 159 159 160 152 144 145 132 120 112 108 104 102 93 89 85 85 87 73 73 79 77 77 82 82 84 82 82 84 89 102 100 102 82 86 95 99 100 89 90 93 117 116 110 119 118 123 120 115 110 117 119 110 99 98 112 113 113 108 93 89 95 93 93 102 100 93 93 93 93 93 111 115 112 102 102 112 121 124 114 118
176 176 175 170 185 186 180 179 173 168 161 161 159 157 157 150 155 165 167 161 152 132 132 119 100 100 101 107 107 99 103 102 101 102 95 92 88 82 82 82 82 82 82 82 86 98 82 82 82 91 104 96 99 87 87 94 111 100 109 114 113 118 120 124 108 117 119 113 96 95 106 113 114 105 93 93 93 93 93 93 93 93 94 102 105 96 110 115 114 113 102 102 114 117 116 119
184 173 168 157 165 186 184 179 171 171 170 171 166 153 151 146 146 158 159 153 153 158 121 105 99 98 104 100 107 103 105 103 104 102 93 89 82 82 82 82 82 82 82 82 82 82 82 90 84 91 95 95 87 87 89 89 97 97 99 105 110 110 119 118 103 107 118 117 100 95 101 98 97 93 93 97 102 93 93 93 96 99 103 105 112 102 102 105 117 111 117 117 111 117 125 128
185 170 163 154 160 170 181 181 174 178 166 164 160 155 155 146 142 158 162 152 153 152 122 99 98 92 92 104 99 107 102 103 105 105 87 85 82 84 84 81 93 93 82 82 82 79 78 84 92 93 87 87 87 94 100 112 107 111 112 117 113 115 121 119 101 117 121 109 108 88 84 86 89 93 93 97 97 111 113 103 99 111 121 126 117 124 122 112 116 116 118 122 122 122 120 131
