tests/testdata/gmted/be75_grd/be75_grd
ncols        488
nrows        345
xllcorner    -79.270972222222
yllcorner    35.518611111111
cellsize     0.002083333333
NODATA_value  nan
[rows 270 to 314 of 345, columns 96 to 191 of 488]
113 79 68 68 82 94 91 92 105 98 95 86 86 86 94 100 99 90 92 89 82 82 81 87 88 83 89 70 69 86 94 99 93 92 85 85 85 87 92 97 97 86 91 94 98 92 96 79 79 91 99 90 97 89 89 98 108 102 104 104 108 110 110 111 102 113 109 94 111 103 104 92 92 103 92 90 90 110 101 101 106 112 111 91 104 99 100 95 83 83 87 87 83 83 83 105
96 68 68 68 84 94 94 106 121 110 96 89 95 87 101 101 96 95 97 95 88 84 86 87 83 90 88 88 73 75 95 99 92 94 99 96 89 87 87 89 98 90 94 98 94 94 84 80 82 91 97 100 100 105 105 101 101 105 106 100 106 111 110 104 99 107 108 94 94 104 105 99 87 96 93 89 92 97 97 104 105 112 106 91 90 95 104 102 83 83 77 83 83 77 77 84
68 68 68 68 81 95 112 141 142 114 93 95 93 94 92 99 91 88 85 86 84 89 94 87 89 90 87 88 94 78 82 93 96 95 92 97 92 103 103 89 89 93 96 96 96 84 84 87 82 82 87 87 87 107 107 105 103 103 105 103 98 111 108 96 91 101 101 109 94 89 89 89 87 86 89 89 94 105 105 105 106 113 113 101 88 100 102 101 99 83 83 83 83 83 83 83
68 68 68 68 90 100 105 114 115 100 88 81 78 87 88 92 86 83 82 75 75 81 80 89 89 89 88 89 95 96 82 82 87 92 98 97 102 104 99 98 94 93 98 99 89 88 93 86 86 90 96 98 87 95 98 98 99 107 108 102 93 97 103 98 91 101 104 102 104 101 89 86 86 86 103 97 105 105 99 97 91 90 100 94 86 88 99 98 77 83 83 85 85 85 86 94
68 68 68 68 73 85 94 108 109 96 85 84 78 81 82 87 90 85 78 74 75 75 86 89 90 81 84 93 93 98 94 94 93 87 96 91 94 96 104 107 100 101 98 99 94 93 93 86 86 92 101 104 103 99 100 102 103 96 98 97 105 88 88 91 90 101 102 100 99 96 95 86 86 94 97 95 102 106 107 96 96 89 88 97 86 86 97 97 82 83 84 85 103 99 94 103
68 68 68 80 103 93 95 108 108 83 81 77 77 84 88 88 77 77 74 74 82 77 82 85 82 82 91 93 99 98 95 91 89 89 88 88 100 102 103 105 108 111 107 98 103 102 96 95 88 104 103 102 112 109 103 99 91 92 94 100 112 109 88 88 88 100 92 104 98 96 98 86 84 95 93 98 104 109 108 108 107 104 85 85 79 83 89 88 83 83 86 86 103 104 104 104
68 68 68 84 106 108 100 93 81 78 75 77 82 84 89 84 83 77 73 69 72 75 78 81 79 87 87 89 100 93 97 98 99 97 98 88 88 87 90 98 102 103 103 104 106 96 92 95 93 106 106 103 103 103 94 92 85 86 102 109 112 106 96 88 88 84 93 99 96 105 97 84 84 88 89 92 98 111 111 96 98 105 95 85 78 78 82 79 83 88 101 86 86 91 95 108
68 68 80 94 119 119 91 89 81 74 74 81 77 86 92 86 75 73 73 80 80 88 83 82 75 85 88 89 91 91 89 99 99 99 87 87 93 95 98 104 107 106 107 105 105 109 96 97 101 103 104 100 105 108 96 85 85 101 104 109 101 96 89 89 88 88 89 99 98 100 89 84 84 88 88 101 106 111 110 94 90 109 102 100 100 78 79 79 86 97 100 113 112 109 96 98
68 68 80 92 105 91 87 82 81 74 74 81 86 84 77 81 73 73 70 79 81 89 89 81 74 74 79 88 87 90 92 87 87 89 83 88 84 84 90 94 94 105 106 104 94 99 95 95 112 112 98 95 93 90 88 85 85 98 90 99 102 100 96 108 89 88 87 90 101 102 88 83 83 97 96 97 112 110 107 100 87 87 101 95 100 78 78 80 82 89 89 96 99 113 114 108
68 68 69 74 74 75 83 77 74 71 77 85 86 79 79 78 68 79 82 81 86 91 89 88 74 75 83 88 79 80 90 91 92 87 75 78 79 92 95 101 101 101 95 97 95 103 100 93 101 101 95 83 83 83 87 85 85 85 96 96 99 101 103 108 104 93 86 89 99 98 88 81 83 86 88 93 97 100 107 108 104 84 91 96 80 78 78 78 89 98 96 99 105 113 116 114
86 77 91 94 79 68 80 80 70 71 78 81 84 79 77 69 68 74 81 81 81 84 77 74 74 72 88 89 79 90 94 90 85 85 78 86 87 82 90 91 100 100 96 103 95 95 95 95 102 106 102 90 83 83 99 97 85 92 97 92 98 99 94 100 92 89 84 82 91 96 89 80 83 94 100 100 92 97 105 104 104 83 83 94 77 77 78 96 95 100 105 107 106 120 119 110
84 75 59 60 69 78 73 70 70 75 84 84 77 74 72 76 68 82 83 84 77 80 74 74 74 74 74 74 92 92 81 81 91 91 97 99 99 97 96 93 95 94 105 102 94 95 95 94 104 99 102 103 94 83 81 81 82 91 91 97 98 100 100 94 90 101 93 82 88 95 94 83 83 96 92 106 107 97 99 98 99 98 77 77 77 86 87 97 96 111 111 101 107 114 116 92
75 57 57 76 78 74 68 70 69 72 81 86 84 77 68 68 68 68 72 72 73 73 74 70 75 74 74 74 78 77 79 88 93 94 96 89 92 98 93 98 102 100 104 105 102 95 89 101 101 95 91 92 96 93 80 80 100 99 86 101 99 102 87 83 88 95 86 81 90 89 90 80 83 92 95 96 105 99 96 91 95 96 90 77 80 84 101 100 97 100 97 96 112 112 90 92
84 79 57 65 71 74 71 70 68 74 80 78 70 73 67 79 83 83 82 76 77 75 79 79 78 81 90 76 76 77 81 95 97 92 87 89 101 97 102 95 103 104 95 100 100 97 86 92 91 96 96 95 85 84 80 76 98 84 84 99 94 102 91 83 82 81 84 78 89 89 82 74 78 92 88 99 95 93 88 88 90 84 78 75 75 83 100 99 99 92 88 96 96 92 90 108
73 73 57 58 63 67 70 66 78 78 76 79 75 76 67 76 83 86 84 81 81 80 77 81 86 85 91 91 97 74 75 80 83 92 96 95 90 98 101 92 107 105 95 99 90 101 83 80 90 92 90 90 97 97 88 74 91 79 90 97 98 87 87 88 86 81 80 72 71 82 71 71 89 90 94 98 101 99 97 84 84 88 84 74 75 88 97 91 87 82 84 91 95 96 88 88
68 66 57 57 60 61 65 66 77 75 81 84 80 77 67 82 84 78 80 82 83 76 74 81 79 92 93 94 95 86 91 96 95 86 96 93 92 98 93 92 94 107 96 83 80 99 99 80 83 89 83 86 88 87 86 74 90 75 86 95 85 86 84 84 83 87 90 87 71 71 71 82 88 95 95 103 97 95 89 84 79 89 78 71 85 89 81 80 80 82 82 82 84 85 88 92
64 69 57 57 71 69 66 68 71 75 78 79 82 80 65 81 82 78 74 70 70 71 72 78 83 82 84 81 84 94 94 80 82 84 84 83 80 102 102 88 99 103 98 97 80 87 95 80 80 80 81 85 81 78 76 74 74 74 86 91 89 95 83 80 92 91 83 72 71 74 90 90 84 85 91 98 98 95 87 85 75 75 75 71 76 72 75 77 98 96 104 93 109 110 102 100
62 60 57 57 65 70 67 70 74 72 75 79 72 71 65 67 73 69 64 70 71 77 77 72 80 83 77 74 77 82 77 88 84 82 81 73 79 95 95 87 80 100 92 95 80 80 90 87 80 80 86 86 86 82 78 87 76 71 77 81 78 94 95 78 85 83 77 70 71 72 83 93 97 98 93 90 96 91 90 87 75 71 71 71 71 72 83 83 86 91 105 109 106 109 113 110
79 80 57 57 64 66 66 68 68 72 84 83 80 71 65 65 66 62 67 73 74 74 75 76 80 83 83 81 79 74 74 84 86 85 78 71 80 87 92 92 80 80 80 88 94 80 88 90 80 80 91 86 85 83 81 81 81 71 71 71 85 86 83 78 77 90 73 70 71 71 91 92 91 99 93 86 99 100 85 79 76 71 71 91 93 93 93 99 94 102 102 108 109 118 117 111
78 79 62 57 57 72 72 64 69 73 86 85 82 77 69 64 61 62 62 68 70 71 72 77 78 83 83 68 76 69 86 81 87 78 69 69 83 84 85 92 91 87 80 80 80 80 79 89 80 80 84 82 84 82 82 80 85 71 71 78 85 80 87 95 75 71 71 70 71 71 87 96 91 95 96 84 84 87 83 83 71 71 72 79 84 93 97 100 101 105 112 112 105 116 100 100
76 70 73 75 56 64 63 63 62 69 78 81 82 72 70 65 60 67 66 69 69 73 84 79 81 81 75 68 68 69 86 85 82 75 68 79 83 83 88 92 94 90 88 79 80 80 79 89 80 80 86 80 79 79 80 85 79 80 71 79 83 83 87 93 91 71 70 71 71 95 97 91 93 96 89 94 83 77 81 71 71 71 71 79 87 95 101 101 101 105 107 108 92 92 98 108
77 80 81 79 56 56 65 62 60 62 77 80 80 70 65 59 59 59 61 65 69 74 82 75 76 70 65 67 76 81 85 76 83 73 66 69 70 90 90 91 94 95 96 93 93 80 80 89 80 80 84 86 81 78 79 82 80 80 77 71 76 88 89 79 77 71 71 71 87 93 93 96 95 96 84 81 88 77 71 71 71 71 71 78 85 93 95 92 101 100 101 98 90 108 111 112
78 78 75 58 57 56 67 59 60 63 78 80 77 80 76 71 59 59 70 72 72 77 79 79 76 75 64 67 67 68 71 78 77 70 71 76 79 86 83 84 80 90 90 91 89 80 80 80 80 79 86 89 82 78 78 81 83 81 82 71 70 82 84 84 70 71 71 89 91 94 94 82 83 81 86 84 71 71 71 70 70 80 83 72 77 80 84 84 97 99 99 89 89 107 115 116
73 79 69 61 64 56 56 64 60 63 62 67 77 73 78 57 57 75 75 69 73 76 80 80 68 73 67 67 77 70 69 74 76 65 71 74 76 80 79 81 84 93 93 90 85 80 75 71 80 82 82 81 82 78 78 82 80 82 80 71 70 82 83 71 70 71 71 78 91 91 86 79 77 75 77 71 71 71 70 70 83 85 87 87 89 92 94 96 89 95 95 89 93 94 94 103
79 80 71 66 71 57 56 63 60 64 60 63 72 67 59 56 61 73 77 77 74 76 74 74 71 63 67 74 81 83 82 77 65 65 65 68 75 81 77 77 78 84 92 85 81 80 71 71 70 76 83 80 82 80 73 71 78 81 76 71 70 82 70 70 71 71 82 85 92 91 80 81 71 71 71 71 70 70 70 75 83 97 94 97 97 100 99 100 96 90 87 89 91 107 110 117
71 75 74 76 73 65 56 56 56 59 60 62 71 71 57 56 60 69 74 77 70 72 74 72 73 60 69 68 82 81 75 75 65 72 78 77 73 73 77 76 80 86 86 84 84 81 74 71 71 71 72 82 82 86 86 71 71 75 78 71 70 70 70 71 71 79 84 83 81 81 80 71 71 70 70 70 70 70 78 86 85 98 98 93 97 101 81 81 82 82 85 98 102 104 110 109
70 69 83 81 78 70 56 56 58 59 72 66 69 63 63 56 66 69 73 69 70 71 72 71 63 60 64 79 82 81 76 77 65 68 67 69 70 78 77 88 92 93 94 92 77 77 71 71 71 76 81 83 84 86 84 80 71 71 76 71 70 70 71 71 80 82 77 76 84 81 71 71 70 70 70 83 83 77 84 87 95 96 86 81 81 81 81 91 93 102 94 97 97 97 97 97
62 74 72 76 73 61 56 56 65 65 69 64 61 62 61 56 71 71 62 62 63 62 66 60 60 60 71 73 64 67 74 65 65 71 75 76 78 80 78 85 84 93 84 81 77 72 71 71 71 77 80 83 85 83 84 82 79 71 70 71 70 71 71 75 76 82 80 71 71 71 71 70 70 70 75 81 89 85 88 88 92 79 79 81 83 83 84 89 98 93 94 97 97 112 97 120
67 72 74 78 69 63 56 56 56 64 62 61 67 68 65 56 65 66 62 58 57 57 57 59 63 60 60 60 67 66 67 67 67 72 76 81 84 86 84 88 94 95 89 87 92 90 73 71 71 78 71 78 74 77 83 83 77 71 71 70 70 71 76 75 71 71 71 71 71 71 70 70 71 75 79 89 89 92 93 93 79 79 83 83 97 90 90 105 107 108 108 109 97 98 116 116
70 79 80 79 74 74 56 56 62 63 61 65 65 68 56 56 65 57 57 57 57 57 62 62 77 68 60 60 74 70 79 75 71 66 79 81 76 88 87 95 89 85 87 89 92 82 78 71 71 70 70 70 80 76 82 79 76 77 71 70 71 71 76 71 71 70 70 70 70 70 74 82 83 79 85 91 90 92 79 79 79 79 83 83 85 87 91 92 98 114 111 112 114 102 102 108
73 79 79 78 72 72 59 56 61 60 61 60 65 63 56 56 56 57 68 72 72 72 69 75 78 80 79 68 72 72 81 77 75 69 73 81 83 91 92 95 89 81 86 83 89 88 84 85 71 71 70 70 72 79 81 81 78 70 71 70 71 70 71 71 70 70 70 79 81 76 77 83 85 87 95 96 95 79 79 75 80 82 91 96 100 101 108 110 107 116 116 117 118 117 123 124
57 77 79 80 69 70 71 56 56 60 59 63 58 62 59 56 57 64 61 75 75 76 76 76 75 79 86 69 70 78 77 78 81 75 82 83 85 90 90 89 91 80 80 84 86 86 85 80 80 71 71 70 75 77 82 80 70 70 71 70 70 70 70 70 70 70 77 77 80 84 83 92 94 93 84 84 79 79 79 79 79 81 87 90 100 112 112 111 115 115 116 122 122 126 134 133
56 76 74 75 75 69 70 65 56 60 61 62 58 62 56 56 54 62 66 77 75 74 79 79 77 74 71 71 74 77 79 82 80 76 81 76 85 90 91 93 84 86 71 76 84 81 86 85 83 74 71 70 70 80 81 80 70 70 70 71 71 71 70 76 70 76 84 86 88 83 79 90 89 84 80 73 79 86 92 90 86 92 95 103 105 112 112 110 103 108 114 120 119 122 132 137
56 56 60 74 76 70 66 65 56 52 58 61 60 57 53 56 55 58 61 66 71 74 81 83 81 74 77 79 82 90 86 83 76 76 72 76 88 90 90 92 89 93 87 71 71 83 84 87 80 80 71 70 70 72 70 70 70 70 71 71 71 71 76 78 82 77 87 87 86 82 80 79 86 71 71 72 81 89 96 94 97 101 103 103 99 99 94 96 105 107 101 111 121 124 132 128
54 56 56 56 57 63 62 64 56 56 57 59 55 59 58 56 52 56 66 67 65 69 73 82 85 85 87 84 90 90 86 84 72 76 83 86 87 87 87 89 87 90 90 81 71 71 73 76 84 79 71 70 70 70 70 70 70 70 71 71 81 81 83 84 83 87 84 86 84 82 81 71 71 71 87 101 97 94 99 104 103 101 102 91 99 91 91 104 104 99 107 114 131 125 132 125
58 63 56 56 56 63 62 63 63 56 56 56 56 55 59 56 56 58 62 57 73 74 86 88 86 84 86 82 88 87 78 76 71 78 82 85 81 87 86 91 91 88 77 75 71 71 71 70 78 79 71 71 70 70 70 70 70 71 71 79 78 88 90 90 82 89 89 82 78 79 71 71 79 82 85 102 106 103 102 99 90 89 101 85 88 85 102 95 95 98 114 128 132 131 119 113
64 56 61 62 56 62 62 63 63 58 56 56 56 56 56 56 56 56 56 56 69 74 82 80 79 77 70 79 82 80 70 69 70 80 80 82 78 76 84 86 91 92 82 84 90 87 71 71 78 80 78 71 70 70 70 70 71 71 74 83 85 91 89 89 88 80 87 87 82 71 71 81 83 86 104 102 99 100 99 90 87 87 88 85 85 85 95 95 95 102 115 118 122 114 113 108
65 63 56 58 55 55 56 56 65 54 64 64 56 55 61 55 53 54 56 56 63 70 83 86 71 66 66 83 84 84 76 69 71 83 80 77 73 73 83 81 83 83 91 90 83 81 80 71 71 70 70 71 70 70 70 70 71 82 87 90 90 91 88 80 86 83 71 74 71 71 75 79 95 96 104 98 93 93 101 86 84 93 83 85 85 104 104 111 112 119 120 123 121 114 102 114
65 64 61 58 54 56 56 56 56 59 64 65 56 54 60 62 63 62 59 69 66 79 84 88 85 64 67 79 80 75 68 69 77 79 78 73 73 75 80 82 85 89 92 86 88 88 87 87 71 71 70 70 70 70 70 71 71 79 90 93 84 88 89 75 72 77 71 71 71 70 87 87 83 83 87 95 92 82 90 76 76 82 82 108 111 113 114 115 122 121 118 112 108 103 99 99
55 57 56 56 56 56 66 68 56 56 56 53 56 56 60 61 59 62 69 71 69 81 84 88 78 64 64 77 77 77 71 66 79 74 69 73 80 82 83 90 90 94 91 86 86 82 73 73 76 71 70 70 70 70 71 71 85 87 91 86 76 79 93 71 71 71 71 70 70 80 86 77 78 77 80 78 73 73 73 73 96 96 107 105 99 115 116 116 121 121 112 109 96 99 109 99
57 57 59 60 65 59 60 54 56 55 58 56 61 56 56 57 61 63 65 59 67 78 77 74 74 64 64 68 69 72 64 66 78 77 69 86 83 82 82 92 92 88 89 84 88 86 88 87 82 71 71 70 70 70 71 80 77 86 86 86 83 74 71 71 71 71 71 70 71 71 71 71 71 71 71 71 71 101 100 103 103 98 86 87 106 110 101 123 126 118 109 101 99 108 108 118
64 65 65 66 66 57 61 54 56 66 61 60 54 56 56 61 56 56 57 62 71 72 73 68 61 62 72 72 68 71 64 67 67 74 82 84 82 90 89 89 88 91 90 80 85 88 78 86 85 81 71 70 70 70 71 74 84 85 80 79 83 71 71 77 83 71 71 71 71 71 71 71 71 83 71 71 77 77 84 89 89 89 89 89 89 89 110 123 114 120 115 100 94 116 114 128
65 63 66 54 52 53 56 53 56 62 63 60 60 56 56 52 56 59 61 71 72 69 73 72 61 69 70 70 68 70 64 64 69 67 67 69 72 76 84 91 93 93 90 71 71 71 73 74 82 76 71 70 70 71 71 79 80 83 82 71 71 71 71 71 71 95 71 71 70 70 78 90 73 94 107 102 84 86 86 89 89 89 99 109 89 89 104 105 102 101 94 94 94 101 121 129
58 58 62 64 60 50 53 53 56 55 63 60 62 62 56 53 56 55 68 77 66 66 72 71 61 61 67 62 63 64 64 71 72 73 82 83 72 78 84 92 91 94 91 80 72 71 71 71 70 71 71 71 71 71 79 79 73 71 71 71 71 71 71 82 72 73 86 84 85 87 90 93 77 81 107 101 93 114 89 89 103 93 93 110 113 89 89 89 92 92 94 108 113 110 117 135
57 57 56 56 64 56 56 53 56 56 60 61 54 54 56 56 56 56 60 64 67 76 76 77 73 59 59 60 64 69 64 72 73 72 68 84 83 81 81 81 85 88 88 80 72 82 77 75 71 70 71 71 71 77 79 72 71 71 70 70 80 85 76 76 91 78 79 82 85 96 98 105 107 82 88 105 101 115 91 91 111 106 93 93 112 115 109 106 109 107 94 118 130 131 116 135
