tests/testdata/gmted/be75_grd/be75_grd
ncols        488
nrows        345
xllcorner    -79.270972222222
yllcorner    35.518611111111
cellsize     0.002083333333
NODATA_value  nan
[rows 45 to 89 of 345, columns 288 to 383 of 488]
100 94 112 109 98 94 94 104 109 115 116 112 118 106 101 101 101 111 121 121 122 122 125 107 107 118 126 125 119 124 123 113 114 127 135 135 133 129 128 133 147 150 143 141 146 147 144 133 127 128 136 137 133 129 128 116 114 114 105 115 100 97 117 155 155 124 122 109 127 131 131 119 136 135 136 133 132 131 114 98 92 88 112 109 115 136 133 130 128 122 109 126 123 122 121 109
101 94 94 94 94 94 108 108 115 116 115 108 118 101 101 110 110 117 122 124 126 128 129 126 105 114 118 125 117 121 119 111 118 118 120 129 140 143 137 135 146 135 141 144 145 138 141 131 128 133 134 136 131 126 128 126 116 107 106 119 106 107 134 152 132 128 123 118 132 134 128 126 133 138 141 140 133 128 124 105 96 91 109 121 130 134 133 131 133 114 112 127 132 129 127 114
110 107 109 99 94 94 106 113 115 109 101 96 96 98 111 112 118 116 114 118 129 132 120 125 105 107 115 107 108 122 122 107 107 114 128 137 137 142 144 135 130 133 141 138 145 140 133 131 135 137 145 145 140 117 116 121 122 107 110 116 114 112 118 125 127 131 134 131 144 142 136 131 133 142 137 140 126 118 114 116 91 91 114 114 130 133 130 130 114 114 125 129 131 126 109 107
115 114 110 102 94 94 97 108 112 106 104 96 96 104 115 114 116 116 114 120 132 132 117 117 117 104 115 103 112 125 121 107 107 113 119 136 136 134 140 127 126 130 126 129 133 135 139 138 139 145 144 133 128 123 112 108 107 107 114 119 127 131 133 135 133 135 136 135 147 146 137 140 139 141 141 140 135 130 100 95 91 93 120 123 133 136 136 132 114 124 138 138 127 120 112 102
114 115 115 118 99 94 92 103 107 98 96 96 96 96 98 103 106 108 112 117 127 127 120 120 105 98 99 102 112 123 119 107 106 114 134 137 126 135 126 122 124 120 123 133 145 145 143 143 148 146 145 134 135 134 130 111 116 107 115 124 132 138 151 145 143 144 144 141 151 143 148 146 147 145 132 132 132 112 109 91 91 96 104 126 129 137 138 129 120 135 135 135 125 117 119 104
110 108 105 101 94 92 92 100 101 96 96 103 98 104 109 114 115 112 112 121 125 125 113 110 98 98 98 111 110 122 112 103 119 118 132 136 119 124 120 116 115 117 125 130 134 146 142 141 141 141 135 132 132 131 128 117 110 108 108 112 126 133 152 153 150 150 150 149 151 155 157 158 148 140 129 109 109 109 93 91 106 115 126 133 136 130 129 123 123 134 138 135 125 125 120 106
119 113 116 117 100 92 92 101 96 96 107 109 98 99 108 114 112 120 120 118 125 120 116 119 114 112 98 107 112 101 101 103 119 130 123 109 110 125 116 114 115 115 120 125 143 141 137 134 138 133 133 127 128 130 125 110 121 124 127 114 118 134 151 152 146 150 154 154 155 155 150 151 145 134 134 111 100 100 93 96 110 122 129 142 144 145 139 123 129 143 143 128 126 116 118 110
123 115 105 97 87 92 104 96 96 108 112 113 111 118 117 121 118 119 115 127 127 126 129 126 116 110 96 109 100 101 107 111 121 130 117 109 117 124 111 113 120 122 124 132 146 141 133 127 132 133 138 133 124 115 114 114 131 140 141 126 119 119 134 132 137 154 150 142 138 154 152 139 138 134 134 131 111 103 97 96 115 127 145 151 142 146 129 129 141 137 129 120 116 111 94 87
113 110 108 94 85 92 92 92 105 104 108 107 113 118 119 121 120 118 111 121 123 127 128 116 111 110 96 96 96 109 110 114 124 124 122 104 106 109 110 127 118 127 131 131 146 138 139 138 129 129 132 127 116 114 114 124 144 146 152 143 130 119 127 135 148 152 145 135 135 136 142 136 131 128 128 120 118 100 100 116 127 131 142 139 136 131 130 145 142 138 137 136 131 115 113 93
123 98 94 90 92 92 94 99 112 113 115 115 124 120 119 122 116 115 103 107 122 127 125 119 105 99 96 104 112 114 118 125 121 111 104 104 104 108 118 131 129 119 121 125 139 141 135 134 128 123 132 118 116 114 123 119 129 136 152 149 141 141 144 137 153 149 149 140 126 130 134 133 124 113 126 120 100 100 118 120 138 145 149 148 138 135 142 141 142 138 140 130 119 99 93 93
105 92 92 92 92 98 103 105 107 105 109 118 124 116 116 121 112 111 102 118 124 122 124 118 96 96 96 104 116 120 117 124 114 106 104 108 114 119 115 116 117 130 134 128 140 141 140 126 123 122 122 122 131 119 128 132 142 148 150 152 150 149 161 159 154 153 143 142 126 126 132 134 124 117 103 100 100 118 122 136 141 140 142 148 141 132 146 153 153 146 142 132 125 112 91 87
115 116 111 94 92 92 100 104 111 110 108 104 109 122 117 121 121 109 101 109 113 112 122 120 108 94 95 103 112 117 121 119 116 104 104 117 119 105 105 105 109 109 124 131 138 142 133 128 123 122 129 136 135 123 131 141 141 154 157 157 162 160 161 159 152 154 148 138 136 126 132 136 139 123 112 102 120 125 132 136 142 148 154 142 136 138 146 142 138 146 132 126 119 112 109 108
122 110 110 110 90 91 90 90 94 97 100 102 113 118 115 119 115 110 99 119 119 111 110 113 110 93 93 102 109 118 121 120 104 104 104 104 105 105 109 120 121 114 114 126 132 134 146 144 123 134 135 131 129 123 123 136 142 153 158 162 165 160 157 153 152 148 144 145 139 126 119 131 121 118 105 105 115 136 135 138 151 151 148 145 147 146 159 157 149 128 125 120 112 104 98 95
100 99 107 105 90 87 101 102 103 108 106 108 114 115 123 128 115 106 99 99 99 103 107 108 97 93 104 107 117 120 106 106 103 108 106 118 117 120 119 124 127 124 128 130 131 141 143 138 131 131 136 143 140 141 123 146 149 161 161 161 157 152 145 145 145 146 148 143 141 120 115 115 114 115 112 105 116 125 129 137 157 152 147 148 154 146 143 155 135 129 131 130 129 114 116 90
91 89 99 96 87 87 103 112 99 99 101 109 113 118 120 120 116 106 101 99 99 111 93 93 93 93 107 115 117 105 100 98 98 111 115 117 120 123 125 126 124 126 130 130 146 145 140 142 133 133 138 148 152 152 128 131 141 153 152 159 162 161 152 145 137 141 142 132 124 119 115 115 115 115 135 118 125 136 140 155 158 148 145 153 164 158 142 140 138 138 137 128 118 116 115 97
103 89 87 87 87 87 89 94 95 104 108 111 112 119 121 122 118 108 101 96 96 93 93 93 87 90 91 93 93 93 94 96 106 113 122 125 126 130 129 120 129 134 132 139 141 145 144 145 142 144 146 152 147 143 131 141 148 154 151 153 160 148 147 144 135 135 142 136 127 127 131 116 116 119 142 139 146 148 153 153 148 145 146 150 149 155 149 145 138 132 128 125 122 122 112 100
110 102 96 97 87 87 87 90 99 105 119 120 123 117 117 118 115 113 112 102 93 93 97 93 93 93 93 93 96 111 110 117 123 124 121 129 118 111 112 127 127 126 131 132 132 133 133 145 137 143 149 148 151 151 137 141 148 152 160 163 154 152 146 148 139 135 128 126 135 135 118 130 136 125 142 145 146 145 155 155 145 147 150 143 147 153 152 149 135 133 119 112 134 125 110 96
111 106 116 115 100 87 87 95 102 115 119 121 112 112 116 107 104 107 102 93 93 100 99 98 101 106 106 112 104 110 114 118 129 126 115 109 109 109 110 115 115 122 123 125 134 143 128 126 126 144 152 156 160 150 145 142 150 153 160 163 156 149 145 144 137 135 131 124 124 123 120 141 138 130 136 142 147 155 156 155 133 134 145 150 149 152 142 138 136 138 136 112 112 118 116 94
106 106 117 102 98 87 95 94 108 111 109 107 108 111 110 111 103 108 94 91 92 98 107 106 110 114 112 119 118 114 112 111 103 103 106 108 111 117 111 115 124 133 129 135 138 142 126 126 142 148 145 152 152 156 154 152 153 159 163 161 148 150 145 135 138 140 140 124 124 136 137 132 138 139 143 146 147 144 137 130 125 146 143 144 142 144 144 144 139 138 140 121 109 105 104 94
101 108 108 97 100 87 87 100 103 104 102 100 107 110 112 113 96 89 89 96 108 113 117 121 121 124 120 112 110 108 107 102 103 105 105 115 118 127 128 123 132 132 132 133 132 121 126 138 143 153 153 153 148 149 161 148 148 153 160 156 142 137 133 133 128 140 124 124 131 139 138 144 144 142 146 152 155 146 133 125 121 132 132 145 135 135 136 144 145 138 133 125 121 121 103 98
100 106 102 98 87 87 91 98 108 106 95 95 109 112 109 108 96 89 89 86 100 114 120 120 117 103 106 110 97 99 102 102 115 120 116 117 121 128 122 130 131 122 117 114 114 119 135 143 153 153 151 149 152 151 155 146 157 156 154 152 154 145 145 132 124 124 124 140 137 142 147 145 141 142 144 146 141 145 139 131 119 123 136 136 125 129 132 139 141 137 136 129 121 121 105 118
92 90 90 82 85 99 101 104 110 91 92 102 106 107 106 108 101 89 89 91 104 113 116 103 89 91 92 96 96 109 99 121 122 124 122 120 129 133 131 123 131 121 111 111 137 137 142 142 135 143 148 138 149 146 148 137 145 143 154 141 139 137 139 132 127 135 134 141 143 151 152 151 143 144 147 150 138 144 128 118 117 126 127 127 119 133 133 130 135 133 132 131 134 129 114 122
95 97 85 85 85 95 105 106 91 91 91 101 104 107 105 97 86 89 89 99 107 101 89 89 89 92 102 96 103 111 113 120 123 124 127 127 123 123 118 116 126 111 111 122 138 129 125 125 129 136 135 124 143 148 130 134 146 151 150 145 145 146 132 132 138 139 140 140 149 149 139 139 146 150 148 148 150 145 142 145 117 116 116 116 117 136 133 131 129 137 131 129 134 130 124 129
103 101 91 85 85 101 103 91 91 98 101 110 112 112 100 91 88 89 89 89 89 89 89 92 102 105 112 112 108 116 119 121 122 128 129 124 125 126 124 117 111 111 121 128 129 114 114 114 116 116 116 120 135 133 126 142 145 151 152 147 139 140 133 132 141 145 154 142 147 150 137 135 134 131 138 145 143 145 143 138 132 118 116 116 126 137 126 131 133 137 137 130 137 126 124 127
109 97 91 83 81 93 91 91 97 102 111 111 104 97 92 90 88 90 89 89 89 91 102 104 115 107 114 109 114 110 122 122 127 128 121 116 117 109 109 111 111 111 111 111 111 131 133 129 132 116 116 116 124 124 125 147 143 141 145 151 150 155 155 132 139 146 158 150 155 150 150 150 147 131 124 124 129 134 131 129 116 116 116 116 113 113 118 116 128 123 120 122 123 119 122 126
108 92 91 92 80 80 89 101 98 111 110 103 98 96 88 87 87 89 94 101 100 93 104 113 124 119 115 113 121 119 115 123 123 121 123 109 109 109 121 123 126 129 112 136 143 139 143 137 139 144 119 138 124 124 132 148 140 140 152 158 161 161 145 132 156 151 153 154 153 151 153 151 148 130 124 124 124 124 124 121 121 133 134 126 122 113 113 112 120 121 113 119 118 121 126 126
103 103 101 95 80 90 95 103 109 110 101 99 91 91 87 87 99 102 109 109 103 106 103 111 124 119 122 123 118 120 118 111 107 108 111 109 109 114 124 131 137 140 124 124 130 144 150 153 151 150 131 144 140 141 125 127 137 143 154 159 159 149 155 141 150 161 163 155 155 153 151 138 137 134 139 141 124 124 140 132 123 130 125 128 131 121 117 109 107 107 111 118 118 113 117 121
104 102 97 95 79 92 94 110 108 105 104 90 83 83 83 92 103 106 108 118 114 113 112 116 113 118 121 119 120 110 111 101 103 103 106 109 109 110 123 132 141 150 151 141 132 138 146 155 154 140 144 145 140 131 131 127 137 141 141 144 145 148 157 156 155 156 158 157 158 157 149 141 147 140 140 140 124 130 141 135 129 134 131 139 139 126 121 115 106 102 102 107 110 107 114 115
98 94 97 94 79 89 99 109 111 97 89 83 83 94 89 93 106 112 114 118 112 117 120 116 119 114 125 109 118 103 99 99 112 116 118 112 120 113 116 139 141 153 154 147 148 149 147 153 155 139 151 147 141 138 142 128 128 134 135 135 136 150 159 156 158 162 161 153 157 157 150 151 141 139 136 124 124 137 141 140 140 146 136 141 141 137 130 126 125 119 102 101 109 103 101 109
98 95 97 98 79 101 100 102 83 83 83 83 85 92 94 99 100 105 110 112 121 116 113 116 111 105 93 93 95 97 99 115 119 130 119 128 130 130 119 123 141 141 155 152 151 153 157 157 151 148 147 144 142 152 145 147 143 147 139 141 137 151 155 158 158 159 153 149 145 147 141 141 138 132 128 124 126 133 147 146 140 135 133 139 140 131 136 133 130 128 117 101 98 101 101 100
97 83 83 79 101 103 79 79 82 86 88 86 97 109 103 103 107 111 111 107 116 111 104 104 93 93 93 109 113 121 105 123 128 134 126 126 133 134 142 123 128 136 136 142 150 159 158 155 153 146 141 148 150 153 147 146 149 151 150 150 154 161 161 161 162 161 161 150 146 146 147 147 134 124 124 124 130 136 140 146 140 141 129 133 138 138 127 127 120 124 101 101 101 101 116 100
87 91 77 74 74 77 77 78 92 95 97 95 103 112 115 111 109 102 106 102 99 101 104 93 93 93 118 123 125 132 116 117 141 140 132 126 126 141 141 135 133 144 143 154 153 149 150 145 145 142 154 153 151 148 148 144 155 155 157 163 154 153 164 169 162 163 156 148 149 138 136 136 129 124 124 124 133 148 150 146 145 134 130 129 134 135 122 122 118 127 127 118 112 119 122 122
93 77 74 74 77 78 91 90 96 90 95 101 111 111 104 111 112 97 99 103 102 93 93 93 110 102 115 125 136 137 123 117 127 131 136 140 131 139 146 141 135 145 147 149 150 148 148 140 142 131 148 150 147 148 130 137 139 153 160 165 163 165 169 171 161 155 156 154 151 150 136 136 143 143 139 128 135 140 144 143 142 140 130 125 124 122 119 112 112 110 114 118 121 113 109 123
99 74 74 79 85 93 95 99 97 96 102 102 108 108 100 106 93 93 93 93 93 93 95 112 115 117 128 130 129 135 125 117 127 132 146 142 137 143 143 153 151 151 153 144 138 138 143 136 139 130 130 138 129 125 126 128 161 161 165 171 174 173 173 171 163 159 153 148 145 144 143 145 144 144 138 131 142 145 145 141 138 132 127 127 121 113 112 112 117 106 103 103 105 103 103 103
74 74 84 85 85 90 93 94 95 90 94 100 100 99 93 93 93 87 87 88 91 92 103 115 127 138 139 125 135 144 131 136 147 144 144 146 147 146 146 154 143 145 146 143 138 130 131 127 126 131 124 122 124 125 141 145 145 164 161 167 167 168 172 166 156 160 145 145 145 156 157 147 153 153 136 135 147 153 149 139 148 132 132 137 135 116 127 130 124 106 103 103 103 103 104 116
74 75 80 85 85 87 88 90 92 92 93 93 93 93 93 90 100 107 101 105 108 106 116 120 120 139 138 129 130 145 142 137 148 146 143 147 151 151 151 149 135 146 149 145 134 125 134 133 132 122 122 133 138 146 149 148 143 161 157 168 166 170 171 171 161 147 147 163 156 154 157 153 156 155 141 141 150 152 148 144 144 137 139 140 116 116 130 130 119 114 124 103 120 114 115 123
74 76 90 96 92 95 99 92 94 93 93 93 93 93 93 95 103 110 101 112 115 116 133 135 133 128 138 137 139 138 142 148 153 152 150 154 154 144 136 136 130 139 141 140 132 119 126 124 116 117 130 134 142 157 157 151 148 150 158 169 166 167 167 169 170 167 163 163 163 169 168 159 160 155 158 152 165 160 154 148 146 142 140 140 116 133 136 129 119 127 123 112 119 119 123 129
74 77 97 97 100 100 100 95 105 108 101 93 99 110 113 100 102 114 113 106 114 126 144 136 139 131 135 136 135 138 141 146 144 152 145 154 155 147 137 132 127 132 136 136 129 119 110 107 113 137 142 142 143 151 157 151 141 146 153 151 152 164 167 169 170 163 161 161 163 162 160 163 160 153 159 163 166 152 154 151 145 142 138 121 120 132 132 124 124 136 129 130 120 125 140 142
74 87 94 100 105 112 112 98 109 108 112 111 99 110 121 121 110 122 118 116 136 140 137 133 133 130 135 142 142 139 142 140 139 134 134 143 145 145 145 138 120 118 129 135 134 124 107 107 117 122 141 149 150 156 154 139 141 144 146 147 165 164 169 169 164 169 160 160 157 162 169 156 158 157 157 162 159 155 146 152 148 144 125 122 135 142 142 132 133 140 138 138 128 132 140 139
74 94 105 107 102 107 112 104 111 112 118 108 100 108 113 120 112 122 118 123 121 123 124 126 128 130 144 143 141 144 144 133 131 124 128 136 142 134 130 135 132 118 120 122 118 124 107 118 124 125 137 146 137 130 131 135 140 141 153 160 168 168 166 167 170 169 158 161 152 150 161 162 157 150 154 161 162 151 148 135 135 132 125 130 143 149 148 135 152 153 138 138 130 137 138 133
74 103 98 107 96 99 112 108 112 112 115 107 105 111 112 119 119 112 112 113 121 123 129 129 129 137 144 138 129 130 120 125 115 118 135 147 148 132 127 126 136 116 114 126 127 107 107 115 132 132 146 147 133 123 126 134 143 154 163 163 166 168 163 162 164 158 152 157 148 148 158 152 147 145 157 159 162 159 157 138 135 135 142 135 143 146 146 141 154 142 143 141 135 127 126 124
74 103 103 103 101 108 110 109 113 112 116 115 116 117 114 106 106 110 118 132 136 137 138 134 140 140 137 132 128 129 116 123 111 123 133 140 140 141 131 122 121 125 110 109 105 105 115 124 130 130 125 127 122 123 139 146 144 150 167 164 163 170 169 164 160 157 153 146 145 150 158 157 145 142 158 158 157 154 161 149 157 154 148 146 147 150 146 144 152 136 134 131 125 128 120 125
86 101 104 103 109 110 105 109 113 109 122 113 110 107 101 105 118 118 128 128 142 140 141 141 140 138 133 125 125 123 106 106 111 138 139 144 148 147 136 131 106 124 127 104 104 118 126 118 118 119 119 121 121 129 154 156 156 156 162 165 165 165 158 156 155 157 158 142 143 152 158 149 145 140 149 151 152 145 162 160 159 159 146 153 152 143 138 136 132 128 136 118 115 119 113 116
80 83 85 93 95 98 104 108 107 105 122 110 97 97 99 101 126 126 125 135 140 137 137 143 142 133 129 121 119 121 108 106 139 138 132 141 131 131 131 129 116 106 128 127 104 115 108 108 125 127 137 136 137 135 140 148 160 161 158 155 157 161 162 162 150 146 151 142 142 155 156 153 142 136 150 152 152 145 158 163 160 160 156 158 152 145 143 144 139 128 123 122 114 108 108 104
82 95 101 105 107 110 109 117 118 108 122 97 97 111 111 101 118 126 128 134 147 143 140 130 130 123 125 117 114 113 106 106 121 126 139 135 125 127 134 134 123 104 102 102 104 105 108 125 135 134 140 143 144 142 146 152 159 159 146 147 155 160 163 163 164 146 138 139 136 148 150 149 148 133 135 140 142 147 153 161 159 154 156 157 143 138 139 140 136 135 137 137 137 129 119 125
