tests/testdata/gmted/be15_grd/be15_grd
ncols        244
nrows        173
xllcorner    -79.270972222222
yllcorner    35.516527777778
cellsize     0.004166666667
NODATA_value  nan
[rows 0 to 45 of 173, columns 0 to 95 of 244]
227.0 229 212 211 221 233 207 226 215 215 190 216 194 218 217 203 205 224 223 214 203 199 193 219 208 191 220 202 202 218 199 203 232 233 243 244 244 230 209 207 207 235 210 216 219 201 195 194 194 189 187 185 185 196 202 205 205 202 200 197 174 174 179 206 206 182 175 199 181 213 228 209 205 185 180 193 189 189 164 164 170 170 161 161 161 239 237 135 133 132 131 130 130 145 158 163
225 227 225 207 222 206 206 222 222 211 201 210 220 198 205 211 205 210 225 214 226 225 205 220 208 220 222 202 205 216 203 203 206 219 236 233 217 217 218 216 203 202 203 215 214 197 195 208 205 198 187 187 185 190 209 193 187 184 184 187 177 197 199 207 202 178 176 181 200 216 220 210 191 185 194 197 197 182 183 164 186 175 161 174 202 205 202 160 157 140 130 130 130 139 154 160
212 219 226 213 206 206 219 223 222 212 224 220 226 219 212 211 230 233 227 228 230 230 215 217 225 226 232 209 216 206 206 227 235 233 232 229 217 232 216 218 202 199 199 209 204 197 196 207 205 191 191 206 189 190 208 209 189 202 184 181 180 205 203 192 188 177 176 200 218 212 216 206 187 191 195 193 191 187 186 167 180 173 161 194 196 204 180 153 159 159 169 130 130 173 180 187
202 201 208 210 204 225 225 209 221 226 231 229 229 228 220 220 232 235 232 224 227 231 217 217 227 232 230 213 220 227 228 227 218 220 232 226 233 212 206 202 202 199 199 198 197 197 194 209 205 205 207 210 209 203 209 211 208 206 187 184 184 201 202 184 175 177 180 198 220 219 218 204 202 195 177 178 179 182 186 167 186 165 167 177 182 182 150 145 144 155 154 130 150 179 186 189
222 197 197 197 197 208 203 209 202 205 205 216 226 225 218 223 224 231 226 216 216 228 231 219 234 225 222 224 228 216 231 232 218 214 213 231 232 218 219 223 218 212 206 209 197 197 205 206 193 197 192 205 201 203 198 198 206 189 189 188 188 188 194 203 202 199 183 190 218 215 187 187 209 202 176 171 180 177 179 183 169 169 180 176 176 214 173 157 143 139 154 130 160 182 155 176
226 221 215 197 197 215 196 202 202 203 203 214 229 216 216 222 238 232 227 215 226 230 229 236 218 217 217 226 223 213 225 227 225 213 211 210 210 227 220 218 210 214 214 207 197 208 209 206 196 191 191 191 198 191 199 197 205 199 208 188 189 195 197 194 201 201 192 189 199 209 208 185 193 175 171 171 191 171 174 181 169 178 177 168 179 206 201 145 139 139 135 129 165 139 187 184
217 216 202 197 196 195 196 198 202 205 216 219 222 212 229 220 227 233 212 210 210 210 218 234 228 216 217 220 212 213 222 213 207 207 221 221 204 208 223 200 200 202 215 212 210 198 198 206 214 215 191 191 191 191 191 192 201 206 198 189 203 205 204 186 186 184 189 201 217 218 219 185 181 169 169 187 169 169 185 186 177 195 193 168 168 173 163 149 139 153 149 129 129 147 167 159
198 200 187 191 192 192 221 221 220 213 214 217 221 209 209 226 227 233 216 210 210 210 230 222 229 212 212 220 212 223 218 220 221 206 205 202 204 218 219 214 198 198 213 208 203 199 198 198 201 210 192 194 190 191 191 192 202 205 209 212 190 196 199 198 196 186 186 186 209 215 218 196 184 192 169 169 167 169 169 174 188 180 170 196 156 155 160 163 167 156 144 135 129 178 176 157
197 189 187 187 208 212 216 225 227 226 204 216 212 209 209 209 213 215 215 210 220 218 229 217 219 210 212 212 212 226 220 218 221 206 216 200 200 200 218 211 198 211 211 206 215 217 198 198 198 198 208 195 199 191 191 196 193 187 211 196 190 190 196 184 183 199 191 218 196 212 237 220 184 191 175 167 167 171 172 173 186 177 164 190 169 155 154 166 168 148 144 171 127 145 154 150
199 187 187 201 207 209 216 220 217 212 198 216 199 209 217 222 225 227 223 208 221 210 211 214 233 222 221 212 210 223 205 220 221 206 200 200 200 200 203 195 198 212 218 208 219 215 198 198 211 191 204 191 191 191 191 194 193 187 212 204 188 183 183 183 183 176 213 219 196 228 230 192 189 191 180 167 167 174 183 184 188 189 158 178 157 148 152 160 165 155 171 163 127 126 124 144
187 187 205 201 202 202 202 207 218 210 194 197 197 220 220 230 224 217 207 207 207 207 216 222 232 215 210 210 206 204 205 228 232 211 204 220 200 196 192 192 193 201 193 193 219 220 214 203 191 191 191 191 191 191 191 200 187 187 198 209 203 183 183 183 176 199 214 211 190 188 209 175 176 183 175 167 166 166 194 177 185 178 154 148 169 148 163 167 174 172 170 145 127 122 124 179
187 187 204 192 195 202 208 216 225 214 194 194 212 203 220 229 228 215 207 207 207 224 227 227 231 226 224 222 205 202 203 214 219 228 219 219 216 206 200 192 192 202 207 189 192 211 216 214 208 195 210 207 191 190 190 187 187 193 188 194 198 203 198 194 194 174 210 211 177 188 208 171 168 185 189 183 161 162 173 172 193 172 167 148 148 148 195 198 193 175 175 149 172 119 117 174
187 183 185 189 195 199 205 214 228 221 194 194 198 208 223 224 226 206 202 204 207 203 207 214 229 230 225 221 218 202 202 222 224 212 219 218 215 213 211 192 189 189 203 189 189 204 203 211 205 198 206 207 193 191 191 195 187 184 184 181 198 182 175 175 184 177 197 169 172 205 193 165 165 180 183 177 158 178 183 163 193 174 150 148 148 173 190 194 177 157 171 156 169 117 117 177
183 183 183 207 202 212 208 214 221 211 194 194 195 207 207 212 217 216 202 202 202 223 223 230 230 228 212 211 213 222 196 202 213 206 203 217 196 211 212 212 202 202 189 189 189 201 194 194 203 202 216 197 210 209 195 195 203 187 184 181 180 175 175 175 169 175 169 166 166 165 165 165 165 157 157 197 156 178 181 161 157 149 148 148 146 165 143 154 182 155 175 170 173 124 115 115
183 183 196 198 202 210 223 201 217 200 192 194 202 207 221 213 219 218 202 201 206 218 226 228 226 229 226 211 200 213 194 215 222 215 201 194 194 194 211 211 206 189 189 189 189 202 201 208 184 217 222 215 200 182 190 179 206 199 196 194 180 184 175 187 185 184 190 190 168 165 165 183 168 190 152 152 152 172 181 157 157 166 163 172 141 141 185 166 149 149 174 192 181 180 183 165
183 183 186 196 218 223 217 212 192 192 192 209 208 220 227 228 226 217 210 194 205 211 201 227 226 209 209 225 200 194 192 201 201 216 202 202 194 194 194 189 189 189 203 202 186 185 183 183 183 221 220 201 184 182 179 178 185 192 189 187 189 196 201 199 198 186 191 196 177 168 168 200 182 188 152 152 176 183 175 154 152 145 146 180 152 141 162 138 139 170 186 199 171 155 155 145
179 189 198 211 216 220 194 197 190 192 201 202 221 224 225 225 204 204 195 194 191 193 193 225 231 213 209 204 201 198 192 201 201 221 218 219 218 216 195 194 204 189 209 213 203 186 183 183 194 211 209 204 191 176 176 174 177 198 199 167 177 194 197 182 172 171 186 190 199 198 189 198 177 187 152 152 172 159 172 157 145 145 162 184 185 138 134 134 134 168 199 193 155 155 155 151
180 206 204 206 197 213 196 190 190 192 197 202 225 226 225 232 231 216 200 200 190 190 225 226 222 219 216 214 204 213 191 210 207 218 218 197 197 195 195 215 222 219 206 196 189 186 199 183 178 203 195 188 191 185 187 169 172 196 172 167 173 184 198 192 166 165 165 174 179 189 191 177 166 158 153 152 147 147 146 148 145 145 151 161 188 150 134 134 134 138 154 168 173 174 164 135
200 215 217 212 197 194 190 190 190 216 205 205 205 223 223 221 221 215 201 215 190 190 222 224 198 209 212 198 191 200 191 211 217 222 215 215 200 197 206 222 225 206 209 197 199 210 193 178 178 177 175 175 176 175 175 169 167 179 165 167 166 164 193 184 185 159 167 190 195 200 193 186 181 160 204 196 163 143 142 141 140 164 172 179 184 146 134 134 134 155 156 154 166 164 156 136
202 206 200 209 190 190 190 216 193 196 203 216 223 204 209 209 222 225 227 220 196 190 190 202 190 197 211 202 191 191 191 191 201 217 223 208 199 197 203 229 222 205 201 201 207 211 210 206 200 196 195 175 175 175 175 193 167 167 167 167 189 163 163 163 161 157 186 189 195 200 174 186 178 197 201 168 172 159 155 139 140 170 182 193 182 187 184 138 134 142 135 137 182 180 158 137
205 203 183 185 185 188 189 193 193 213 218 216 202 204 217 216 222 229 228 223 220 190 190 190 190 205 218 210 211 191 191 203 220 224 224 211 208 209 208 223 221 216 212 204 214 213 190 190 185 177 175 175 185 177 175 184 167 195 167 175 187 164 176 185 167 156 165 158 158 160 161 165 199 179 163 145 141 141 137 137 181 199 199 175 162 180 142 140 126 123 120 131 154 160 162 133
175 175 179 179 185 187 200 201 200 194 200 201 201 202 211 220 231 222 206 206 216 212 209 190 190 207 196 207 191 191 214 218 202 208 221 225 226 216 225 212 200 193 193 193 210 202 193 201 187 176 176 188 191 177 195 201 182 191 188 179 164 164 196 170 149 149 150 153 155 174 158 158 164 164 147 147 159 137 137 145 183 185 191 188 142 173 131 132 141 121 111 111 182 154 124 128
170 203 195 202 191 200 200 203 209 200 200 201 207 232 218 218 232 226 206 206 204 214 194 190 190 190 193 209 191 191 197 202 202 221 225 224 225 212 221 207 198 198 206 193 188 194 195 199 197 200 194 200 203 205 202 196 189 195 193 168 164 188 199 174 182 175 161 172 155 155 165 153 150 150 150 167 167 139 135 135 159 157 128 128 127 146 131 116 137 140 111 111 183 119 120 161
187 204 205 195 195 199 219 214 218 202 200 225 210 220 218 220 226 225 219 218 201 201 201 216 190 190 201 189 191 217 202 202 202 206 211 227 233 205 200 198 198 219 202 205 188 187 187 187 187 185 189 193 203 190 186 181 189 173 173 169 169 205 181 175 178 175 178 161 155 155 171 171 169 153 189 180 165 143 139 134 133 131 131 159 126 120 120 111 111 134 135 111 130 111 140 143
205 213 212 216 213 203 212 225 211 213 204 209 225 231 222 212 208 207 207 221 221 220 216 213 204 189 189 189 210 211 202 213 218 220 221 228 222 221 201 200 215 210 208 215 213 187 187 187 199 185 184 191 182 183 181 178 174 185 185 189 196 204 195 188 167 167 179 177 179 166 196 200 169 184 194 175 145 144 163 134 133 179 177 170 134 120 120 111 111 111 111 111 111 111 129 111
200 210 189 208 211 223 214 222 201 211 221 219 218 224 225 224 209 207 207 207 199 196 194 193 193 189 189 189 189 189 195 216 224 223 211 220 229 227 225 223 220 229 198 197 208 206 193 208 196 183 182 182 181 181 181 176 176 186 186 175 196 202 179 171 184 183 180 199 170 170 215 209 207 202 181 152 145 145 167 181 151 180 181 157 136 166 155 138 121 122 139 114 136 111 111 111
192 181 187 212 213 204 214 198 198 214 212 211 205 205 220 220 222 210 207 207 209 201 194 194 212 212 210 186 208 210 211 207 220 206 206 236 234 224 224 215 214 199 210 189 204 206 214 211 187 183 201 201 192 181 182 188 198 179 166 186 190 194 172 160 156 189 206 199 207 209 213 218 216 180 165 151 149 156 198 194 189 171 152 149 147 152 147 126 126 135 143 127 142 143 111 111
181 181 181 185 187 194 194 194 194 201 210 198 197 226 229 228 229 233 222 225 222 217 214 216 212 196 191 186 186 188 194 206 195 199 232 237 213 199 208 222 205 197 190 185 185 189 199 210 187 200 205 197 195 191 185 204 182 179 166 164 172 182 181 167 156 159 185 196 196 180 193 197 180 155 155 155 155 161 168 193 208 184 176 171 156 143 135 135 148 154 145 144 149 149 111 111
181 181 183 185 191 191 194 194 194 194 195 196 211 211 223 230 232 232 212 222 220 222 203 205 213 207 209 206 186 205 208 193 195 214 217 205 199 194 194 209 213 211 200 211 185 197 202 185 200 206 206 208 200 207 203 203 185 203 181 163 169 179 181 149 153 159 179 166 187 166 166 182 162 156 155 171 164 231 236 201 182 168 170 156 146 137 135 135 160 158 130 138 146 140 111 111
186 198 200 185 200 213 219 219 222 223 195 199 200 214 227 228 222 224 207 206 201 201 201 201 201 217 209 213 186 186 193 193 195 195 227 220 217 212 189 189 207 205 184 204 183 195 186 179 190 205 205 180 178 191 197 204 208 182 160 155 188 173 148 147 150 160 156 156 159 166 205 204 169 161 160 175 175 206 204 209 206 156 181 156 144 137 149 150 156 150 130 124 124 129 111 111
186 191 201 185 188 211 208 219 218 222 213 216 219 220 222 226 225 229 213 222 209 201 201 201 193 193 191 186 183 183 193 188 188 214 197 204 215 218 190 189 188 199 181 196 177 172 185 175 192 185 196 170 174 200 201 199 184 176 182 153 151 149 147 147 147 146 156 156 197 226 216 213 174 164 201 181 199 199 190 226 216 155 181 170 171 155 166 167 167 134 133 143 124 112 111 111
198 192 208 209 188 196 196 207 207 209 222 223 226 228 218 225 216 219 218 227 226 216 201 205 204 193 193 200 183 182 178 188 205 198 196 196 227 208 189 189 195 183 176 200 172 170 170 171 204 178 175 169 189 198 191 174 177 157 153 153 153 212 214 147 150 212 210 197 225 229 218 213 204 191 210 212 194 179 181 217 162 150 166 166 159 157 147 143 150 144 133 127 143 119 107 127
211 192 194 196 218 218 196 196 196 203 207 207 230 222 208 207 205 220 209 212 216 212 210 208 204 198 194 199 199 196 178 198 187 187 194 223 214 201 197 185 183 173 172 172 170 165 165 165 199 184 173 166 188 195 194 174 163 162 174 156 183 232 220 147 161 168 219 216 226 223 192 179 188 214 211 196 178 179 191 190 149 147 164 139 141 155 139 139 131 130 123 113 107 97 93 93
210 195 200 201 204 206 219 225 203 207 207 224 227 222 205 200 198 216 204 199 202 203 210 210 198 209 205 205 204 178 178 178 180 219 206 222 218 215 200 188 179 172 172 172 191 165 165 192 187 188 164 166 183 167 188 182 169 194 177 203 190 204 180 147 162 164 200 220 231 232 177 171 175 193 181 184 165 168 168 151 147 144 153 135 137 157 158 129 125 124 121 102 100 91 89 87
213 221 219 219 220 210 213 218 209 209 212 212 226 231 227 227 198 198 195 195 209 207 207 209 196 193 195 202 191 193 178 178 218 198 198 222 223 220 201 200 180 198 203 197 172 165 165 165 181 169 158 158 154 157 181 192 185 191 200 167 188 195 180 147 161 195 184 194 230 184 195 168 165 167 167 182 153 196 196 191 138 138 129 129 156 149 151 150 148 146 142 112 100 100 105 87
209 222 219 215 214 218 221 220 213 220 226 223 232 229 230 226 204 198 195 195 195 195 205 198 201 185 185 180 178 177 177 198 184 191 212 206 197 204 210 211 210 210 201 181 202 205 192 163 157 156 162 157 174 189 183 151 150 156 195 153 177 197 163 141 178 170 175 198 172 179 197 157 157 156 157 151 152 201 198 175 135 129 125 121 138 144 125 143 145 135 125 120 118 118 125 125
212 195 201 215 204 204 221 225 226 225 223 221 219 217 218 215 215 221 208 200 197 195 192 192 187 188 185 185 184 190 171 171 182 189 210 194 190 204 198 212 208 188 172 166 178 200 194 185 176 156 156 153 153 152 151 150 150 150 150 150 150 141 134 134 198 163 181 175 166 199 197 184 147 154 169 146 166 181 173 154 149 151 137 117 137 135 125 116 123 130 103 96 113 121 123 120
207 195 201 192 198 216 217 223 215 216 219 232 227 211 223 224 223 219 221 215 201 197 214 208 208 201 205 185 185 203 199 171 174 182 197 194 182 177 200 207 206 187 194 165 192 192 169 167 156 156 156 172 171 162 152 153 152 187 150 150 217 214 184 133 164 162 177 166 165 176 169 174 143 163 166 142 156 148 134 147 146 143 139 113 105 132 138 96 116 105 93 93 114 116 93 115
191 191 191 191 210 211 200 203 203 209 222 226 222 206 206 206 206 210 210 214 197 203 216 200 209 213 206 185 187 201 200 168 206 203 181 202 186 166 197 178 176 171 180 160 160 158 181 157 157 202 174 174 209 172 179 170 174 204 222 180 222 181 133 133 155 152 168 178 159 181 183 139 139 148 133 137 138 131 125 129 129 112 138 128 102 100 100 93 93 93 93 99 85 87 93 93
191 191 191 214 218 200 216 221 226 230 226 227 222 226 222 204 198 220 206 211 193 207 194 194 208 208 187 194 205 203 205 168 168 167 167 197 184 162 162 162 160 160 160 160 160 157 157 157 191 206 182 208 201 207 208 198 190 175 192 145 143 131 131 133 155 145 170 177 146 158 177 151 132 124 122 131 140 109 106 103 103 103 103 127 133 119 93 93 93 93 93 93 93 93 93 93
203 185 204 188 193 199 211 208 209 229 230 215 215 213 203 199 198 210 196 198 192 207 188 211 215 184 178 195 191 191 187 187 167 167 167 181 162 162 162 213 160 183 170 160 157 157 185 229 225 191 186 220 235 240 239 219 179 173 158 150 143 131 131 161 166 167 169 156 145 138 134 131 138 122 108 108 108 106 106 106 128 121 103 98 98 93 93 111 93 94 94 91 93 93 93 99
197 185 185 185 191 197 201 205 223 227 236 236 213 221 214 198 198 198 192 192 192 202 183 183 180 180 178 176 174 168 167 167 167 171 167 167 167 230 208 172 167 191 187 164 164 190 199 205 210 208 192 192 221 212 241 220 219 207 191 169 140 131 131 157 163 167 169 156 146 146 133 115 115 143 110 141 134 147 141 139 139 128 101 101 98 135 103 103 102 99 125 126 116 93 93 100
185 185 185 203 193 193 220 215 221 217 218 218 212 205 199 199 212 197 192 209 191 191 224 206 184 211 211 173 173 171 199 175 175 178 176 261 255 190 179 174 175 226 228 169 177 184 188 209 213 210 192 212 202 212 233 211 224 225 190 144 136 134 130 143 156 161 146 189 151 139 118 115 115 111 111 139 146 154 150 146 103 101 101 101 101 132 118 131 116 126 126 127 116 96 93 103
179 192 185 192 193 209 227 226 223 200 209 213 212 201 201 209 209 209 192 191 191 211 197 186 186 215 196 175 174 181 198 182 182 178 188 229 230 226 189 182 177 228 184 172 177 189 198 208 199 199 206 201 214 183 177 223 225 177 166 146 136 128 128 152 155 150 142 160 118 118 118 141 134 122 154 156 148 130 115 108 104 120 101 108 130 129 123 139 116 126 121 95 95 93 93 106
179 206 193 207 207 199 208 217 212 198 218 217 214 209 197 195 193 193 193 198 199 217 197 212 208 184 184 184 204 181 201 194 196 186 189 230 237 216 200 191 202 184 184 199 186 209 203 181 186 209 208 209 217 181 176 166 159 174 150 148 157 140 127 149 158 139 131 123 118 144 148 155 123 123 138 153 146 140 161 132 130 101 101 103 131 129 129 121 118 113 100 100 93 93 126 125
179 203 191 211 211 204 203 196 196 198 205 213 210 199 195 193 193 226 223 214 199 220 219 193 193 187 194 194 184 181 183 205 231 200 200 230 246 240 222 225 218 184 194 200 208 203 200 175 173 193 207 186 177 228 222 202 156 145 141 156 154 134 127 135 124 152 153 123 132 133 152 134 132 160 164 168 171 183 131 136 116 108 125 103 108 113 126 128 130 107 106 105 93 111 100 118
