tests/testdata/gmted/be15_grd/be15_grd
ncols        244
nrows        173
xllcorner    -79.270972222222
yllcorner    35.516527777778
cellsize     0.004166666667
NODATA_value  nan
[rows 0 to 45 of 173, columns 96 to 191 of 244]
179 165 211 209 163 171 171 193 170 157 157 174 154 161 172 169 165 149 144 136 136 155 161 149 146 156 151 169 170 158 176 179 179 158 152 163 144 148 158 156 137 152 151 144 127 127 137 140 136 116 109 109 109 109 120 124 143 143 137 126 118 134 129 102 106 109 125 120 111 111 111 136 119 121 133 144 151 146 148 120 119 131 138 124 128 107 106 111 89 89 89 88 84 92 94 119
189 187 166 162 160 168 182 182 182 155 166 169 154 154 162 164 160 150 139 136 136 170 165 146 145 145 151 172 180 206 172 154 151 148 147 147 147 151 158 159 156 151 146 127 127 126 126 126 116 116 125 120 109 109 126 133 134 130 123 140 115 105 103 99 100 129 130 132 122 133 109 119 119 145 161 148 128 141 151 125 117 138 133 134 134 118 124 106 94 112 89 85 84 84 116 128
183 188 217 165 152 190 192 179 179 153 153 153 154 153 162 164 147 157 148 136 171 150 151 168 143 145 146 153 179 182 187 172 171 161 159 155 161 156 160 158 136 131 130 128 146 142 127 126 117 125 136 134 131 105 105 110 138 133 114 104 109 109 99 99 121 128 123 118 118 133 106 108 148 154 142 144 125 118 117 120 117 117 121 136 130 130 127 106 112 115 122 109 83 95 95 125
190 212 222 190 147 152 185 182 185 159 156 153 153 153 160 163 144 136 136 136 136 143 162 159 141 142 148 148 167 180 158 159 171 162 157 154 146 141 141 139 135 133 160 138 148 139 130 137 137 125 140 135 139 139 105 103 101 99 99 99 100 108 102 99 123 110 110 116 126 128 106 105 146 122 150 149 139 140 117 117 117 117 129 126 131 131 129 124 124 124 120 121 83 83 117 131
199 186 195 199 145 162 171 175 187 173 165 161 151 166 169 163 158 165 136 136 144 154 158 158 139 139 148 166 164 150 146 146 160 166 158 151 161 163 162 149 136 136 150 142 147 146 140 146 140 143 138 134 141 137 132 131 119 103 99 96 97 103 103 99 102 110 116 129 127 136 132 105 137 113 118 140 142 121 134 128 113 117 131 136 139 115 136 136 109 98 95 107 98 83 83 131
199 164 203 166 142 157 153 162 164 161 158 152 151 146 152 150 163 154 132 131 154 152 152 139 139 139 157 154 163 146 146 161 160 143 154 153 157 160 164 165 148 160 155 145 136 134 134 127 120 120 138 119 122 130 117 129 136 129 123 104 95 96 100 100 105 106 107 120 121 132 123 105 105 112 112 134 137 115 115 109 108 131 128 127 128 107 130 125 126 116 92 83 83 83 119 121
159 159 202 176 136 139 151 169 168 152 161 162 152 145 144 137 136 136 132 127 152 139 156 149 130 130 147 152 150 146 146 147 153 139 154 149 154 139 140 155 151 159 156 155 136 147 135 144 153 108 107 107 117 112 109 129 135 132 109 99 99 96 97 100 108 103 108 107 134 139 133 126 105 105 115 135 138 137 115 116 103 113 114 127 129 106 118 124 123 123 115 113 83 83 90 115
159 186 183 163 136 143 154 159 159 148 162 154 164 165 144 144 136 136 127 126 121 125 156 146 130 146 152 158 139 146 168 142 137 137 155 154 138 137 137 142 157 157 157 150 146 152 151 144 152 108 108 107 106 100 100 109 104 124 124 122 99 99 99 99 103 102 100 99 129 133 121 105 105 105 114 135 135 137 134 122 103 93 104 122 121 98 102 115 127 126 93 83 83 83 83 83
160 153 170 156 132 152 152 159 145 145 159 148 148 154 158 157 154 154 172 173 116 115 148 120 128 145 146 154 136 138 168 165 149 137 151 146 138 148 130 137 160 151 154 157 141 152 140 132 137 134 124 112 123 118 98 99 98 108 114 115 105 100 96 98 103 101 96 99 113 135 136 105 105 127 131 130 129 115 127 117 121 93 93 112 111 94 96 128 128 128 115 102 83 83 83 83
171 146 145 131 131 146 140 136 145 159 155 140 160 150 153 143 157 164 144 135 134 115 115 115 140 141 130 148 136 136 136 150 137 131 149 148 138 129 124 133 161 157 134 128 129 157 145 129 133 125 138 122 125 122 112 98 98 98 95 91 94 95 93 95 99 100 98 98 104 118 130 132 105 119 131 116 116 111 124 126 125 102 93 88 88 87 107 124 123 126 119 117 104 115 106 82
176 153 146 131 143 156 152 136 155 145 135 135 161 140 140 143 159 163 155 152 128 115 115 140 138 140 124 132 136 148 146 151 141 129 126 146 145 143 124 142 156 155 155 123 150 148 140 121 138 138 113 121 118 113 111 100 121 113 119 118 104 95 96 95 96 98 98 97 98 98 97 125 98 127 121 105 123 106 105 125 124 125 124 122 86 86 103 114 115 84 98 111 111 121 117 82
178 161 169 131 165 165 136 136 154 141 132 145 147 135 140 155 162 163 153 150 135 128 115 115 115 115 116 137 149 154 146 154 148 130 126 126 144 143 113 141 127 154 154 110 129 129 131 117 116 129 112 107 105 105 105 105 124 119 121 98 99 98 98 109 93 95 97 91 117 115 97 97 97 96 92 88 88 88 97 124 118 119 111 121 113 86 96 105 107 84 84 103 110 123 127 117
181 182 164 127 151 143 136 152 140 130 130 152 146 135 138 152 152 159 153 161 160 159 155 147 115 115 135 141 149 145 142 156 150 151 144 118 107 134 105 118 111 109 100 107 131 134 134 132 116 113 113 128 107 125 109 121 128 118 99 123 100 100 119 110 98 98 101 98 98 131 132 103 122 123 120 97 90 88 83 83 82 82 82 104 105 80 80 94 80 104 80 80 82 125 124 116
110 159 158 127 134 134 136 159 122 128 134 156 139 128 133 141 147 150 150 143 159 156 148 133 115 115 121 146 146 130 138 141 133 126 141 131 107 124 102 102 102 100 100 131 131 128 124 137 128 132 130 128 119 134 127 130 108 106 99 115 107 113 120 114 110 114 101 101 105 137 130 109 120 124 104 122 125 117 114 82 82 122 81 81 81 80 80 80 80 80 80 80 80 118 117 116
110 106 129 114 127 142 128 129 120 122 125 125 125 125 135 144 158 163 162 140 136 149 129 148 115 119 121 142 144 126 111 127 121 116 139 137 107 96 118 120 115 96 96 110 127 126 110 113 123 112 115 129 125 129 130 108 108 111 123 126 128 126 124 123 124 104 104 105 126 133 139 123 120 112 110 119 131 103 95 95 115 120 88 81 84 108 106 97 113 76 96 90 80 80 85 102
116 106 106 106 135 138 120 114 117 122 120 137 145 137 140 135 135 151 158 155 136 130 117 115 115 115 132 144 141 128 102 106 106 111 129 123 114 96 96 96 107 107 96 96 96 103 109 118 123 112 106 107 123 136 132 110 119 133 128 127 116 125 109 109 104 104 118 124 128 139 142 138 134 112 112 112 128 104 120 98 129 101 127 112 111 109 101 116 80 80 80 80 80 80 80 77
155 150 106 106 135 138 117 106 132 131 115 108 120 131 132 132 143 150 142 144 146 149 117 105 115 123 132 124 120 119 99 102 114 128 129 122 117 115 105 96 96 96 96 96 98 107 125 129 121 122 102 124 128 135 133 120 126 129 128 127 113 109 109 123 122 104 110 115 128 131 139 130 133 115 128 130 127 109 124 110 129 131 126 120 93 80 80 80 80 110 97 80 95 82 112 97
131 121 112 106 125 124 134 106 128 132 108 106 134 139 144 137 157 158 138 133 124 154 154 105 103 119 138 110 110 120 99 99 114 125 121 114 96 96 96 103 100 102 96 96 118 121 126 121 124 102 102 112 119 130 146 138 134 129 128 120 113 122 124 122 121 109 110 113 130 146 135 117 116 116 117 129 132 132 126 126 126 131 113 97 80 80 90 80 119 119 81 80 88 106 120 115
148 120 112 106 106 106 106 106 106 106 105 106 111 148 130 136 145 158 157 148 116 110 103 92 98 111 100 105 115 114 99 99 118 117 120 98 96 96 96 117 122 100 96 96 100 114 129 131 128 102 102 124 107 131 134 134 129 113 127 133 139 139 134 130 110 110 131 134 146 146 128 117 127 116 137 136 141 138 118 115 118 117 117 80 80 111 81 80 122 107 81 101 100 123 131 117
143 146 121 136 106 148 129 106 139 106 106 106 119 153 118 129 143 143 156 149 138 91 98 91 91 93 93 116 113 96 96 99 101 101 123 120 96 90 90 101 112 109 96 96 115 119 116 118 106 101 99 100 107 111 134 133 106 106 119 133 140 141 133 110 110 110 110 129 145 149 126 140 119 116 140 141 124 121 106 99 99 89 85 83 108 120 90 90 124 88 82 120 132 132 133 115
145 130 146 135 136 140 151 142 147 93 106 147 155 143 108 146 136 163 118 121 120 91 91 91 91 91 91 93 96 96 98 98 114 123 123 118 115 104 90 90 112 119 118 93 98 114 118 112 115 120 95 96 121 128 129 106 101 110 111 132 113 127 133 133 133 110 110 128 142 148 136 135 119 143 144 110 109 124 118 117 89 85 85 89 108 107 93 123 123 88 125 127 131 128 121 115
161 140 149 143 156 137 155 157 143 93 93 144 122 121 104 143 126 96 121 116 111 91 91 108 108 122 109 96 96 96 98 98 103 125 118 109 97 96 90 90 113 116 111 90 93 116 116 109 106 118 94 107 129 135 129 101 101 124 127 122 107 134 126 132 132 135 117 119 143 150 149 130 120 144 137 131 106 99 91 91 91 99 116 116 115 128 126 124 88 88 114 131 124 108 101 88
162 132 135 157 154 127 127 123 137 86 93 104 114 129 98 120 91 96 102 87 89 91 107 129 130 129 118 98 120 103 102 102 103 107 124 120 112 113 105 90 97 100 90 90 115 119 119 104 94 94 94 94 120 115 101 101 117 121 128 107 105 134 131 111 114 133 137 139 150 145 147 131 128 141 135 128 107 105 97 156 155 109 142 119 136 141 132 98 88 120 134 135 113 109 134 127
112 122 132 156 165 124 121 115 104 85 92 91 100 102 91 86 83 98 83 83 126 125 129 130 113 122 119 109 105 105 114 115 128 126 126 118 119 118 117 90 90 90 90 113 119 119 105 105 115 105 94 107 120 96 96 115 118 122 130 128 104 103 108 107 125 136 136 142 132 134 138 131 138 145 114 108 107 123 112 118 132 133 145 143 142 141 132 95 91 126 138 136 113 134 132 115
111 136 149 158 158 147 112 97 94 81 84 91 112 114 100 94 83 83 83 123 117 136 126 109 109 121 117 122 125 107 121 122 134 111 124 124 97 97 108 108 90 90 92 92 95 118 132 133 108 101 94 92 96 96 96 98 106 121 125 115 98 98 115 103 128 137 135 129 115 140 146 143 147 131 131 128 107 108 149 153 145 145 155 158 153 109 109 91 91 104 130 123 120 139 122 94
139 141 141 148 156 142 142 96 92 81 80 82 93 99 84 83 83 94 107 128 129 114 105 105 110 117 125 126 123 124 137 136 128 111 105 111 115 97 90 90 90 96 101 106 121 130 127 122 110 117 92 92 96 114 118 108 116 127 127 125 123 96 100 100 131 109 125 111 114 124 146 141 131 129 131 110 128 114 118 151 154 159 160 159 146 134 100 93 135 151 146 123 144 143 116 87
139 140 131 106 124 104 110 89 80 79 79 93 79 92 98 95 83 83 89 100 92 98 102 106 106 118 109 109 112 114 119 120 117 105 105 119 98 90 90 90 90 123 126 123 125 129 126 125 124 95 92 92 112 113 124 128 121 103 127 128 108 96 96 121 121 104 104 110 130 142 147 138 123 118 114 114 146 158 119 126 153 142 126 145 124 120 100 100 144 150 131 130 140 140 99 93
142 132 122 93 116 115 98 94 92 79 79 78 79 86 94 89 83 89 99 85 92 106 106 121 103 101 109 109 109 122 120 117 115 105 103 115 123 118 111 90 90 90 103 107 124 126 107 122 92 92 92 100 106 109 122 120 110 101 125 116 96 93 121 122 104 104 105 105 109 135 141 132 122 122 119 131 152 158 162 161 155 144 126 141 140 100 100 129 154 155 136 153 153 142 128 87
140 116 121 91 103 112 112 119 117 95 79 78 78 80 90 92 80 90 82 82 108 121 120 120 119 101 119 114 109 109 123 123 116 117 100 100 118 99 90 90 90 94 99 128 126 120 102 92 104 106 87 90 94 100 121 129 120 99 119 107 93 93 121 120 104 104 105 125 113 125 139 136 123 143 123 123 161 163 157 157 158 148 120 115 115 105 109 133 156 150 147 157 128 120 104 87
91 89 89 89 89 118 125 121 112 90 90 88 78 78 78 98 80 88 82 87 95 123 120 106 88 90 103 116 121 120 124 122 123 119 97 97 118 117 109 88 99 95 117 121 125 125 121 117 89 87 87 92 95 101 123 123 119 95 93 93 93 93 93 94 98 129 123 115 134 139 146 145 142 152 151 128 154 162 162 153 135 142 119 115 115 142 139 157 158 150 153 150 146 137 116 115
133 123 89 89 89 122 123 111 95 94 107 87 82 78 78 99 80 80 77 82 98 124 91 88 88 100 115 117 124 124 117 102 98 119 93 97 113 112 85 87 117 114 96 98 116 121 115 110 110 115 87 87 116 120 124 118 115 93 93 93 93 93 115 128 129 109 109 110 115 132 143 125 126 160 164 142 152 163 161 153 135 124 123 118 126 145 155 157 133 151 148 143 137 112 112 107
131 100 89 89 89 106 111 111 108 110 85 83 93 78 82 94 101 75 77 77 99 113 116 88 98 110 119 115 123 119 117 91 95 109 92 108 113 107 83 89 93 96 96 98 115 98 112 111 103 101 87 95 104 106 114 113 90 89 112 121 124 122 119 101 103 105 127 111 132 135 121 125 141 159 161 155 158 163 158 133 141 124 124 146 143 153 156 133 121 132 146 144 145 140 105 96
113 106 98 89 109 110 98 111 114 107 105 83 78 77 78 88 102 75 75 77 110 117 109 86 85 92 100 122 111 111 105 88 114 114 90 90 114 114 83 83 92 96 112 113 116 113 93 93 90 90 85 99 91 91 115 113 89 89 106 112 89 92 96 99 127 121 131 134 132 111 114 144 144 138 154 136 143 151 145 132 124 124 154 155 141 144 145 118 117 139 119 139 141 137 134 105
87 106 87 87 112 102 94 108 109 109 109 102 84 77 77 89 96 75 75 75 89 117 110 88 82 90 110 112 91 104 88 88 114 109 112 89 113 113 108 83 89 104 114 124 118 112 109 108 107 85 85 91 91 110 112 98 88 89 89 89 89 96 113 124 128 130 126 116 111 111 114 114 116 116 150 128 151 151 146 132 143 154 149 135 131 148 153 154 116 116 117 134 133 136 134 134
87 87 86 86 94 98 88 100 104 86 95 81 79 77 77 77 92 75 75 75 117 120 101 90 82 87 95 107 91 87 109 107 109 111 89 88 101 99 89 83 83 111 120 123 110 92 105 107 107 83 80 89 111 106 96 87 87 89 89 105 108 112 125 123 128 115 109 109 111 111 111 147 116 116 124 125 146 158 161 132 160 156 155 151 130 124 124 121 116 116 113 112 128 114 119 124
123 107 92 83 83 83 88 90 93 81 81 81 89 88 87 77 77 75 75 75 91 100 107 109 82 82 104 104 86 86 95 85 98 106 100 88 100 103 83 83 91 108 121 119 116 91 91 115 113 104 79 99 110 97 83 83 106 112 99 119 117 118 122 101 103 106 109 140 150 124 130 155 154 131 131 125 127 158 159 151 161 163 157 151 134 137 124 142 139 139 139 109 102 102 107 122
107 85 85 85 92 83 83 92 94 81 81 80 77 77 77 83 76 75 79 75 75 106 110 100 82 82 97 101 78 78 84 84 86 98 99 88 88 104 80 105 89 112 116 118 117 108 91 91 95 98 79 101 83 83 83 108 111 121 124 122 128 93 95 99 118 112 113 117 150 155 155 157 148 155 143 128 128 135 136 163 165 161 157 151 132 124 124 142 146 140 141 129 128 100 100 100
116 101 85 85 88 91 81 81 81 81 88 87 87 77 77 77 80 85 74 75 74 88 95 104 82 82 89 74 76 88 84 105 100 103 107 88 86 102 80 80 89 92 114 117 104 110 92 89 83 74 80 78 82 97 112 115 115 110 106 93 93 93 123 105 140 126 126 123 123 141 159 159 155 146 154 152 151 153 161 169 160 151 141 147 124 124 135 144 136 130 137 133 127 100 100 100
93 116 100 85 89 91 83 81 81 81 95 107 97 82 77 77 76 74 74 74 74 74 91 100 81 74 74 74 98 102 85 96 112 105 101 85 85 110 76 75 81 112 114 111 103 94 108 110 74 74 74 77 99 110 111 111 93 93 93 93 101 132 135 117 117 138 131 153 155 149 149 141 130 130 125 126 152 170 174 172 161 158 138 136 136 128 140 147 142 125 113 112 106 103 103 103
87 85 83 83 83 83 83 82 103 90 110 109 110 95 97 100 97 91 74 74 74 74 74 100 98 74 74 96 100 106 106 102 110 112 103 77 103 104 74 74 106 110 113 111 94 91 87 74 74 81 85 88 91 93 93 93 93 93 93 123 138 139 139 137 142 151 151 154 141 149 126 130 122 122 124 154 163 167 174 174 147 145 145 159 156 135 155 146 134 132 116 126 106 103 103 104
87 108 88 92 105 87 96 99 109 110 108 120 95 107 101 96 74 74 74 74 74 74 74 74 74 74 75 82 87 108 107 110 111 91 89 77 74 74 74 74 94 96 110 104 94 113 100 74 74 97 100 91 99 93 93 93 105 112 115 144 131 141 144 144 153 154 155 136 127 146 119 107 113 139 157 157 140 151 174 169 170 162 163 168 160 155 160 153 143 121 116 124 119 111 119 130
110 110 92 95 96 104 106 108 111 109 97 120 88 98 75 74 74 74 74 74 74 74 74 74 74 74 81 88 101 112 111 108 115 96 108 100 74 74 74 99 111 109 118 103 106 101 101 74 74 107 107 100 108 117 104 114 112 132 120 124 128 142 144 144 125 145 139 132 118 135 134 107 130 149 130 131 140 146 167 172 169 162 159 170 158 162 161 135 132 122 148 146 154 139 136 133
111 108 96 106 117 119 113 101 86 86 100 84 83 80 80 82 104 85 104 98 81 86 74 74 74 74 74 92 97 88 93 114 111 110 109 99 74 74 74 95 105 116 118 106 87 83 89 74 74 97 108 112 117 122 117 106 106 112 120 131 133 135 126 127 111 140 139 122 116 109 105 107 126 133 122 126 143 168 170 169 165 146 145 154 142 161 162 158 144 130 144 143 154 143 132 132
119 121 97 117 90 90 90 90 90 85 85 85 84 85 80 87 89 105 109 107 108 105 100 74 74 74 74 86 74 83 111 114 111 100 86 74 74 74 83 105 119 117 116 101 92 74 74 74 80 85 95 108 114 123 97 99 127 130 146 143 144 140 122 105 111 145 145 138 106 104 104 108 118 119 121 155 156 165 166 164 146 142 142 158 136 149 146 162 160 158 155 145 128 121 108 104
119 100 116 90 90 91 90 90 113 112 87 105 102 107 106 102 110 106 113 113 96 104 74 74 74 74 74 74 74 79 82 109 122 114 105 74 74 74 103 104 115 108 113 107 95 108 74 74 96 106 110 123 96 96 97 101 128 136 141 139 139 118 113 105 140 139 122 134 105 99 100 108 137 143 144 154 162 143 161 163 146 133 133 150 133 135 142 152 158 157 152 153 146 144 137 130
121 120 111 93 93 111 110 113 111 91 89 112 109 107 108 110 112 101 105 87 87 76 74 105 74 74 74 74 74 74 100 101 115 109 81 74 74 74 120 119 113 101 114 112 106 82 74 74 75 90 106 109 94 103 113 130 130 138 142 138 113 104 105 105 142 135 104 101 122 99 99 132 107 107 146 149 148 132 160 162 165 154 127 143 131 143 138 154 156 141 127 126 137 140 129 131
