tests/testdata/gmted/be15_grd/be15_grd
ncols        244
nrows        173
xllcorner    -79.270972222222
yllcorner    35.516527777778
cellsize     0.004166666667
NODATA_value  nan
[rows 46 to 91 of 173, columns 96 to 191 of 244]
111 107 93 93 93 103 118 117 94 94 98 111 114 112 113 108 88 88 86 83 78 78 103 79 74 95 74 74 74 74 74 89 108 103 92 74 74 74 116 112 113 98 111 111 104 101 74 74 80 86 87 94 94 116 121 132 136 130 139 138 107 92 92 127 133 104 106 91 114 96 96 103 107 115 120 128 130 130 141 158 152 143 127 124 127 123 134 152 149 147 126 126 126 118 113 113
104 97 93 93 93 112 115 103 94 114 101 102 113 120 107 107 90 88 88 109 93 93 93 81 79 114 95 74 74 74 74 86 107 114 110 74 74 74 91 97 116 96 89 105 89 74 74 74 78 104 111 94 94 107 121 131 119 106 106 129 92 92 119 127 131 94 94 90 91 94 114 139 150 149 157 128 129 152 164 164 148 150 149 117 117 118 142 147 153 150 138 146 126 140 136 113
106 93 93 126 93 112 117 103 120 118 116 118 105 100 94 94 94 111 102 93 93 109 103 90 110 109 90 74 74 74 87 92 102 104 107 74 74 74 74 79 97 126 84 74 74 74 74 86 93 108 126 94 126 125 135 131 106 102 110 124 92 92 115 116 126 109 88 88 106 106 117 139 152 160 162 129 129 135 167 160 151 129 147 135 117 125 125 149 150 147 138 142 144 144 126 122
93 93 93 93 93 122 124 123 129 103 99 99 99 99 96 111 114 112 102 93 93 109 108 112 108 110 74 74 74 74 74 91 74 74 74 74 74 74 74 74 110 118 116 74 74 74 74 101 95 117 126 117 128 131 136 127 129 100 95 110 112 88 109 87 123 88 88 88 95 125 117 118 125 147 163 134 158 159 164 156 153 124 142 142 117 117 129 145 144 142 120 148 148 144 139 143
101 93 93 113 104 118 117 121 119 122 99 99 99 112 101 114 117 113 113 116 113 110 113 104 106 105 103 101 74 74 74 74 74 74 74 74 74 74 74 74 102 114 74 74 74 98 119 121 128 114 112 127 137 129 99 121 125 118 95 88 87 87 87 87 88 88 124 129 100 109 141 125 126 168 170 162 155 162 161 148 147 121 119 135 117 130 136 146 144 115 116 140 141 143 141 151
93 93 95 98 101 117 121 120 115 105 100 118 110 120 121 119 103 117 115 113 117 115 109 91 91 86 102 103 86 74 74 74 74 74 102 74 74 74 74 74 116 115 102 74 74 112 120 119 107 102 124 121 136 120 95 121 120 93 107 87 87 99 113 112 111 92 98 131 130 138 144 149 157 168 168 165 147 147 141 141 125 115 118 123 115 119 141 143 124 104 135 126 137 143 145 150
120 94 115 98 98 102 129 128 127 105 105 125 113 109 107 118 102 97 97 110 98 98 107 108 102 74 74 74 74 74 74 74 74 74 104 74 74 74 74 74 102 91 74 74 74 74 74 81 89 102 102 102 130 127 95 127 127 89 83 86 119 117 114 127 127 116 110 119 129 142 143 149 158 163 160 162 162 141 135 127 124 115 115 115 115 139 127 127 103 103 117 117 124 124 132 140
95 95 120 118 98 117 127 128 113 107 120 123 114 101 101 118 116 106 97 102 107 92 85 107 74 74 74 74 74 74 74 74 74 109 108 74 74 74 74 74 74 74 74 85 94 95 74 74 89 74 90 124 98 111 74 119 118 98 74 74 87 98 99 101 129 127 138 138 117 112 136 131 133 136 137 153 153 151 126 124 124 135 115 115 129 129 115 122 103 103 110 110 116 140 145 144
95 95 120 118 103 116 128 131 124 123 119 117 119 101 94 93 111 103 92 91 108 96 83 74 74 92 74 85 78 81 111 104 96 111 110 98 110 100 74 74 74 74 74 88 124 108 106 74 74 74 115 123 74 111 74 108 117 109 74 74 94 98 101 130 125 138 141 136 108 109 115 124 141 133 152 155 153 150 121 117 118 113 110 140 143 126 114 110 102 118 130 113 128 139 154 143
102 95 111 122 104 126 120 122 122 107 107 121 120 99 105 90 94 98 107 87 82 78 76 74 101 84 79 85 88 108 113 107 121 115 125 104 117 95 74 74 86 113 123 113 118 111 90 84 74 74 86 107 74 103 74 74 90 74 74 113 107 98 109 121 125 130 143 123 97 118 108 129 147 127 131 152 153 153 142 108 121 105 105 139 129 126 124 101 102 126 132 140 149 149 150 142
121 117 109 125 130 129 131 114 115 112 101 96 112 91 90 90 90 90 86 84 81 81 90 95 104 96 106 102 117 117 117 111 112 102 118 106 74 74 74 98 120 131 128 129 118 112 94 97 74 74 112 74 74 97 74 74 74 74 100 119 121 121 121 127 126 111 133 132 90 93 107 120 141 114 125 148 150 135 134 131 100 102 132 137 130 99 94 96 104 112 129 145 147 138 141 143
102 116 116 119 129 128 123 120 101 112 111 120 117 117 111 123 122 108 87 84 91 87 106 110 107 94 112 116 114 113 108 104 94 95 94 74 74 74 109 112 102 110 138 107 101 95 86 122 121 74 74 115 74 74 109 99 105 102 109 123 132 136 146 152 137 132 122 125 112 116 117 133 136 133 139 134 136 134 131 124 100 113 121 130 123 103 95 122 135 138 144 144 133 128 139 136
102 102 120 124 115 112 125 123 96 112 120 119 116 118 114 109 105 87 87 110 95 91 94 110 115 116 121 120 122 116 92 92 108 82 74 74 94 74 93 129 131 126 134 117 100 100 121 129 129 86 117 115 113 74 74 125 126 120 116 110 121 106 132 130 117 128 97 119 88 114 129 119 105 132 144 149 121 117 111 105 105 129 132 129 103 93 93 95 108 125 139 140 125 120 139 138
103 106 128 123 126 108 101 97 96 96 111 109 104 105 98 90 87 87 103 110 91 91 94 104 122 128 117 119 99 94 101 86 83 74 74 98 112 80 90 108 136 138 135 110 110 130 132 129 121 112 110 98 74 74 74 89 114 115 85 87 96 104 133 130 108 100 96 93 84 115 115 126 99 128 142 139 122 102 105 105 126 128 129 114 87 88 137 139 118 139 142 119 107 132 133 108
110 119 129 119 108 119 115 117 116 96 95 92 91 90 90 90 87 110 117 117 91 94 109 112 111 96 96 95 113 94 93 84 74 74 122 120 94 94 135 110 125 138 130 117 109 127 133 132 113 117 122 120 111 108 74 74 74 74 74 87 96 98 126 128 116 100 84 84 81 116 120 127 95 128 131 131 99 99 119 125 125 105 99 100 85 87 138 136 131 140 135 115 107 118 98 101
129 127 115 110 108 97 97 97 93 92 92 92 103 113 102 90 106 110 122 119 100 113 112 110 112 110 111 94 91 87 82 82 79 120 121 98 94 94 112 136 142 142 134 109 108 104 109 111 118 92 118 116 98 108 113 108 74 74 116 121 123 129 132 143 103 94 90 74 81 111 121 89 89 91 92 92 94 121 118 120 125 103 92 85 85 125 124 124 129 129 111 104 107 97 97 111
127 120 114 114 105 101 123 132 93 93 110 107 93 93 90 90 90 117 112 114 111 119 120 102 101 102 113 92 91 87 104 103 126 119 101 99 100 130 143 146 147 137 136 138 120 100 93 91 110 91 109 106 74 74 112 92 74 74 111 99 121 118 109 127 119 113 86 74 101 115 108 81 124 91 92 94 119 123 113 117 122 80 80 82 107 120 129 109 125 106 97 104 97 97 131 122
129 127 123 131 110 125 123 103 93 123 115 93 93 93 95 113 117 114 119 116 115 113 107 114 98 92 92 92 93 91 119 130 101 101 101 110 124 133 147 114 109 132 129 126 135 127 129 91 81 81 105 74 74 74 74 74 74 74 108 74 86 118 95 120 93 112 107 74 93 74 74 80 124 126 129 128 123 107 95 114 85 80 93 115 121 131 128 102 122 95 95 97 97 120 118 124
131 130 118 114 114 123 106 106 123 104 100 100 117 97 97 123 127 122 122 100 107 102 92 92 92 92 119 120 93 114 124 122 107 130 103 134 140 141 142 137 109 108 105 103 118 112 120 115 112 80 74 74 109 108 106 74 74 74 74 74 74 74 74 111 74 74 74 74 74 74 106 130 130 122 126 127 123 111 86 104 78 79 81 113 127 126 93 99 99 87 111 85 117 117 94 100
130 126 126 128 128 116 106 129 127 104 116 109 129 123 107 121 114 95 95 95 92 92 92 118 92 122 123 95 95 97 115 113 110 138 119 138 148 144 134 136 137 133 101 96 94 98 117 81 81 81 105 109 112 111 106 74 97 113 86 107 74 74 74 74 74 74 104 103 106 111 117 106 125 115 125 118 82 107 76 74 77 105 84 120 122 110 91 80 81 87 109 84 110 95 94 92
137 107 123 132 130 113 113 117 117 106 129 119 124 123 121 114 100 95 95 95 101 96 106 118 92 121 121 95 100 118 119 113 134 139 146 151 148 132 121 133 129 133 132 124 94 90 88 86 123 114 124 108 103 106 74 74 122 113 92 117 106 106 102 74 74 74 74 74 74 101 74 84 96 118 115 96 82 70 73 74 107 118 118 127 124 107 107 78 72 74 75 81 84 84 92 92
119 105 107 123 127 113 131 117 125 115 130 134 128 107 107 106 105 99 120 104 104 109 126 122 92 121 125 100 100 105 131 113 142 155 157 139 150 147 113 110 111 122 121 109 90 90 114 118 125 126 114 78 74 74 74 93 120 109 103 112 119 112 74 74 74 74 74 74 74 74 74 117 122 118 114 83 72 69 87 107 84 105 123 121 114 114 85 80 71 74 91 83 92 114 116 92
105 101 113 117 123 119 136 131 134 136 114 111 109 109 123 104 104 100 129 104 129 126 127 102 101 126 133 100 123 133 139 120 145 155 138 122 146 147 142 100 100 100 98 90 90 128 130 127 122 118 87 86 149 99 114 118 125 124 123 113 116 74 74 74 110 104 115 106 74 74 113 127 123 115 102 79 69 69 100 115 98 98 120 117 88 88 78 71 71 97 109 109 93 113 116 120
101 101 105 128 124 127 115 134 131 119 114 131 123 128 110 109 104 104 139 113 130 105 105 105 103 107 128 105 139 141 129 126 148 135 118 116 114 109 107 100 100 100 100 124 127 132 135 118 95 95 95 89 113 104 133 134 137 129 99 96 84 74 115 109 114 114 112 115 74 74 115 107 119 106 84 74 69 69 109 110 110 119 122 121 108 74 71 71 77 83 92 112 110 105 115 118
94 106 106 106 106 110 114 135 140 139 126 124 122 110 110 110 128 143 139 136 136 112 110 105 111 107 134 115 145 146 134 153 165 139 119 116 116 109 109 137 115 142 109 112 134 134 134 128 125 117 93 93 125 125 132 132 107 104 103 94 94 94 115 118 113 77 87 74 74 110 110 75 104 97 99 69 69 69 105 114 116 121 111 94 89 71 71 96 98 104 112 110 95 87 101 111
122 115 126 128 130 131 133 129 125 136 127 118 118 118 139 146 145 142 140 138 142 138 111 120 114 136 154 124 154 154 163 161 132 130 119 119 147 116 118 150 150 134 136 134 117 117 127 132 119 93 93 93 104 145 145 139 113 107 126 112 120 116 127 116 98 103 74 74 81 69 69 69 69 88 90 88 69 103 108 88 97 109 110 91 70 70 70 70 71 75 89 89 82 84 119 123
101 101 105 125 125 132 132 118 117 117 132 126 134 118 143 141 137 125 122 122 142 140 138 140 154 153 159 157 149 144 161 153 135 123 121 144 161 161 154 142 139 129 129 134 136 107 103 112 119 95 93 121 107 137 140 137 114 118 136 133 133 133 111 109 86 74 97 74 93 103 74 69 69 69 69 69 69 103 103 86 84 99 75 70 70 70 70 70 93 76 76 76 80 86 102 102
121 121 121 107 128 132 131 132 117 117 132 132 139 138 132 120 120 135 121 120 124 128 146 142 159 155 155 156 139 140 158 167 164 159 126 166 169 158 154 153 145 119 112 111 124 103 103 97 97 96 129 134 134 147 144 121 120 133 134 128 104 124 89 74 74 74 104 110 116 111 81 91 93 92 69 69 82 103 105 106 74 97 70 70 94 94 79 92 97 78 78 76 91 113 102 102
90 118 100 105 120 126 127 118 116 117 120 120 128 144 142 136 117 117 133 116 138 129 139 130 130 148 147 134 134 140 141 166 151 134 132 160 141 152 151 126 136 147 140 105 105 105 133 97 126 101 101 116 148 151 138 128 139 124 113 124 101 98 84 84 89 95 126 135 135 106 108 107 106 90 86 69 69 76 100 89 70 70 70 70 104 107 102 101 108 103 107 82 82 91 100 121
93 99 100 110 112 125 127 117 113 113 130 137 120 143 141 134 132 116 116 116 134 139 137 128 147 149 130 130 151 152 164 168 159 153 167 165 140 133 141 126 116 147 112 112 137 134 111 106 134 136 132 116 138 150 148 148 139 111 103 98 94 90 84 100 98 130 137 135 136 94 107 89 80 91 84 68 68 70 97 99 70 70 87 97 110 112 103 111 115 115 114 92 98 94 105 119
110 127 121 123 122 121 127 127 113 113 133 120 120 139 139 132 132 133 110 110 114 114 131 122 132 134 127 130 134 153 162 165 166 167 163 137 137 133 125 119 113 113 112 142 140 132 114 114 143 148 153 117 147 149 137 141 133 108 108 127 95 116 103 103 104 136 142 135 124 94 78 72 75 74 67 67 106 103 90 78 65 77 107 100 106 80 86 85 93 103 107 107 110 120 112 121
123 98 101 121 114 111 128 111 113 113 117 120 127 140 119 114 127 132 130 108 110 134 116 116 143 141 122 157 154 159 158 144 148 163 165 164 133 126 124 124 124 135 154 147 122 114 114 114 149 147 151 130 148 153 120 120 135 132 127 98 98 106 105 128 121 125 131 131 93 87 82 70 65 65 65 79 81 76 73 81 65 95 96 69 80 71 80 85 85 85 92 94 99 121 123 132
93 93 113 106 116 111 126 110 129 126 113 123 134 141 133 111 111 111 129 108 129 114 116 126 131 124 121 127 149 156 138 143 138 156 160 144 142 139 155 152 154 142 137 122 122 119 114 126 148 148 150 149 163 146 118 116 115 110 103 102 119 112 112 134 141 142 143 127 89 84 74 69 65 65 65 65 65 65 65 63 65 89 68 68 71 86 107 90 106 85 85 93 99 112 127 128
91 115 100 106 122 107 106 109 133 120 136 136 135 140 134 111 105 113 122 106 125 110 134 137 140 118 121 147 149 142 128 130 132 144 164 169 164 140 141 157 154 145 143 150 128 151 149 126 149 157 159 166 165 146 129 120 132 104 103 125 140 115 120 124 145 138 109 122 116 115 93 90 66 65 65 88 68 76 62 65 65 65 65 71 76 91 107 104 110 110 94 99 115 121 123 125
113 99 100 106 111 102 102 104 104 104 106 133 134 122 111 126 105 105 104 102 110 110 125 128 128 118 134 132 123 126 128 160 157 163 162 169 143 156 129 130 156 145 138 155 157 147 146 152 147 129 149 149 162 148 153 145 113 110 137 142 123 118 143 144 142 135 104 101 105 105 110 86 74 93 72 92 89 81 65 65 65 72 86 84 76 82 85 89 107 111 118 117 116 118 121 90
92 99 111 115 118 102 102 102 114 124 135 137 133 119 110 119 123 119 117 102 102 111 115 126 118 118 118 119 123 156 160 166 166 166 166 171 139 128 128 124 142 123 123 134 150 154 152 146 146 124 142 139 158 157 154 136 121 130 132 145 147 142 141 142 135 132 117 92 91 87 87 91 100 99 86 94 89 65 65 68 65 70 87 98 95 109 86 86 94 115 112 85 83 88 98 88
89 95 107 107 114 124 102 102 107 107 111 128 132 125 110 110 126 127 102 102 114 128 126 125 118 118 152 148 159 161 149 162 144 138 154 152 159 156 123 118 115 115 128 130 153 149 151 120 143 121 125 128 150 143 129 132 132 138 146 148 143 142 143 141 132 99 115 109 91 78 78 78 70 80 79 85 88 67 67 76 65 65 86 88 94 102 106 108 103 109 109 97 83 86 99 78
89 104 100 100 124 124 102 102 103 129 129 126 132 119 115 102 113 96 99 121 114 118 121 121 118 130 145 144 156 131 157 158 130 126 156 128 123 139 154 134 114 110 113 129 151 147 143 120 115 115 119 139 127 141 115 114 118 141 144 145 140 117 144 132 123 101 95 91 87 81 78 74 70 68 68 87 87 81 65 72 65 65 70 71 76 97 89 98 91 105 98 89 76 99 98 75
89 96 96 105 119 136 126 102 102 121 108 121 123 125 102 97 96 96 105 109 122 118 131 131 118 132 142 132 156 129 149 138 148 125 157 120 122 125 147 132 108 108 139 141 133 139 139 117 103 109 129 141 110 132 120 107 118 146 142 145 116 109 109 130 118 101 116 105 105 103 96 106 96 81 68 68 71 73 65 65 65 63 63 63 90 76 76 82 98 92 71 71 72 72 75 75
100 108 122 127 133 131 120 102 102 102 106 114 124 130 130 96 96 104 117 117 129 134 131 114 114 148 127 151 125 125 148 138 123 117 141 114 114 123 146 146 108 108 135 139 119 138 140 108 103 103 119 132 103 128 105 106 139 127 143 142 119 140 105 97 94 119 99 98 76 76 76 103 93 91 68 65 65 65 64 63 63 63 63 63 63 70 76 82 97 93 68 71 95 86 86 81
115 112 119 119 117 126 131 134 114 102 102 102 122 127 106 96 96 115 122 126 138 137 132 128 114 140 127 119 122 143 151 147 114 111 129 129 102 131 133 136 136 108 127 136 111 135 142 137 103 98 98 98 100 97 97 109 111 117 145 137 150 145 130 103 88 84 84 84 84 78 73 71 71 70 66 65 65 65 76 78 74 63 63 73 77 77 84 82 84 65 67 69 78 78 84 94
116 99 119 125 111 110 107 107 128 115 102 102 114 125 96 96 109 122 131 138 134 132 132 118 114 114 140 117 142 151 153 141 111 109 123 98 98 124 131 108 104 101 122 109 109 135 140 142 139 130 123 96 91 93 124 130 112 119 143 138 145 132 127 103 115 88 84 104 106 93 89 83 71 81 79 84 65 85 92 69 63 63 83 85 88 86 89 65 65 65 79 73 75 104 89 89
99 99 105 125 124 134 127 107 101 101 102 102 117 118 95 95 103 116 122 130 131 130 122 132 133 114 111 111 139 152 136 139 141 101 123 96 116 136 133 133 101 100 104 105 133 139 125 115 136 123 124 109 90 90 106 137 144 144 145 143 134 130 121 113 125 110 100 112 103 101 78 75 75 95 97 74 70 89 91 63 63 63 65 93 95 78 65 65 79 93 100 98 81 106 108 96
89 105 113 124 130 123 121 107 107 101 97 95 94 112 95 95 103 103 117 133 118 117 121 142 140 123 128 111 111 151 116 112 143 96 95 92 114 134 132 106 100 100 100 130 129 139 131 106 110 96 81 81 90 115 107 141 144 136 142 133 115 112 104 105 105 111 112 125 129 88 80 77 104 108 79 74 84 92 93 83 65 63 63 86 82 63 65 80 81 81 82 91 103 107 108 113
95 117 118 119 119 126 122 121 101 101 94 94 94 94 94 97 100 129 135 129 112 109 139 153 155 153 144 131 106 128 132 97 108 123 90 92 131 131 132 128 125 100 100 120 128 132 127 106 96 81 81 116 105 108 138 143 135 134 107 124 107 104 94 97 113 102 96 116 119 90 98 86 111 108 88 101 99 98 80 72 92 67 63 63 63 63 91 87 73 78 87 79 93 105 110 97
110 116 98 98 120 123 126 109 105 117 94 94 94 93 94 94 120 132 131 109 107 107 146 151 141 151 140 140 98 95 95 95 95 91 88 85 110 128 126 128 120 128 98 87 124 134 139 126 116 80 80 91 104 131 138 141 112 106 102 123 119 102 93 90 90 86 93 102 116 106 109 107 112 107 104 111 105 103 83 67 63 73 63 63 63 63 65 65 65 68 68 76 98 75 78 83
