tests/testdata/gmted/be15_grd/be15_grd
ncols        244
nrows        173
xllcorner    -79.270972222222
yllcorner    35.516527777778
cellsize     0.004166666667
NODATA_value  nan
[rows 92 to 137 of 173, columns 96 to 191 of 244]
91 94 94 96 99 102 119 115 132 126 107 102 94 94 95 94 119 123 126 121 102 135 133 143 116 121 151 155 135 97 136 128 130 90 83 83 116 113 126 99 119 125 120 83 116 126 125 119 87 80 105 113 110 127 135 131 130 124 100 91 112 118 112 110 82 82 89 99 107 104 109 109 86 102 100 93 86 102 89 64 63 63 63 77 66 89 69 74 97 68 68 69 71 72 94 109
95 115 95 97 99 105 117 126 131 110 108 117 114 94 92 94 94 108 121 121 97 98 116 125 98 109 132 133 133 130 138 126 99 89 83 83 99 83 122 90 89 120 112 78 101 83 118 118 102 79 79 110 126 129 131 131 101 114 87 87 117 115 112 104 79 80 82 100 90 92 107 105 83 75 77 94 74 91 85 69 76 63 63 82 93 98 76 81 105 72 75 97 77 72 73 78
95 118 103 97 111 105 125 107 108 112 104 97 112 107 90 84 94 94 104 102 94 120 129 109 94 101 94 94 94 89 89 121 89 84 83 83 83 83 83 83 83 78 76 76 73 73 112 113 103 79 79 93 104 133 135 123 98 89 82 88 92 105 104 104 99 77 79 99 89 100 110 103 81 75 73 71 66 65 84 79 72 63 63 87 95 102 102 101 96 81 79 96 97 98 108 81
123 121 106 105 117 119 113 107 107 114 117 96 96 111 108 89 84 94 94 94 94 94 94 94 94 94 94 138 138 122 89 89 89 84 84 116 83 125 87 83 83 113 107 111 112 73 73 73 73 73 73 106 94 115 122 122 114 110 80 80 105 100 106 80 79 77 93 96 83 101 110 108 97 78 75 87 67 67 65 65 71 63 83 85 83 86 94 101 103 100 99 102 110 110 113 85
102 112 113 123 118 125 104 120 102 109 109 104 94 108 108 84 84 84 84 94 94 94 99 137 94 130 146 150 140 91 89 133 136 93 119 91 88 94 102 131 95 129 124 92 89 75 73 73 73 108 73 73 94 115 106 108 99 80 75 75 83 107 107 94 77 73 93 81 81 85 106 101 112 100 99 96 91 92 91 62 60 61 61 61 69 72 75 79 96 95 94 97 84 88 110 114
114 123 120 126 126 120 103 102 113 97 107 103 94 94 94 94 94 94 94 94 94 100 131 139 133 141 131 123 115 97 97 128 127 133 96 93 104 94 123 122 141 107 98 96 118 80 73 87 83 114 94 73 90 99 108 91 106 73 73 103 106 110 106 88 87 72 90 75 92 94 100 107 116 115 101 92 90 85 84 62 60 61 83 89 69 87 89 81 86 98 76 76 74 102 105 107
127 122 106 104 127 105 101 101 98 97 94 94 94 94 94 94 116 120 112 131 95 125 135 147 147 145 109 105 102 101 103 133 126 98 96 125 104 126 131 133 138 117 134 124 91 80 112 104 113 117 81 73 72 71 102 81 91 72 68 88 87 105 103 97 76 70 71 71 78 79 89 112 116 112 81 75 73 64 60 59 60 82 85 86 90 95 97 91 93 81 74 74 74 81 81 84
124 122 120 104 103 118 98 115 97 94 94 94 94 94 113 94 99 126 136 136 100 106 113 151 158 151 138 108 128 136 131 141 121 98 123 127 113 113 134 141 138 140 128 120 91 113 120 121 123 113 106 73 71 70 70 70 66 64 68 71 71 81 81 102 95 69 68 77 72 81 99 107 112 98 84 77 96 95 77 59 65 83 82 72 89 87 87 73 82 70 70 94 98 99 109 84
109 106 117 99 98 97 95 109 115 94 94 94 104 94 118 98 101 109 129 126 104 119 136 155 147 121 115 111 134 147 143 131 105 99 122 143 144 116 123 152 154 112 102 101 91 135 125 100 94 95 80 73 101 94 97 94 64 64 64 64 64 65 102 101 99 93 68 68 70 81 95 104 110 100 86 81 77 73 79 59 75 83 61 61 62 78 79 65 65 70 71 77 99 100 106 111
109 104 102 98 98 98 95 94 94 94 94 94 123 104 128 103 107 137 142 114 108 145 149 155 133 124 115 115 143 152 141 137 105 107 139 144 142 139 134 163 135 134 102 102 137 136 126 90 85 81 81 104 124 114 102 80 79 64 79 64 63 63 63 70 82 89 66 83 74 74 82 108 110 105 104 78 77 68 75 59 58 61 61 76 62 62 62 63 69 97 99 77 78 79 88 110
124 104 118 123 104 116 116 109 109 94 94 109 133 134 139 130 107 128 145 114 140 114 132 149 155 153 133 116 123 147 146 114 110 107 113 113 113 117 128 148 146 136 105 102 139 131 104 94 114 91 91 124 121 115 85 82 102 90 94 83 81 63 63 63 69 78 66 83 74 99 108 109 103 103 94 97 91 59 69 71 58 71 64 90 94 105 81 83 70 71 79 97 91 87 90 113
133 108 113 125 106 122 116 100 100 94 116 123 131 140 141 144 114 152 151 117 147 117 121 144 154 153 152 127 123 147 146 138 120 137 113 119 132 121 137 153 145 112 112 131 134 133 129 103 123 91 120 130 126 106 90 104 101 93 92 85 64 63 63 63 63 75 63 63 71 82 80 80 108 106 86 97 68 58 57 57 58 74 77 91 89 97 97 100 87 71 71 84 87 93 119 115
131 129 113 128 123 113 114 110 94 94 94 100 112 114 112 129 135 159 155 125 151 160 124 127 159 160 134 128 151 152 155 121 120 146 114 114 138 136 156 157 144 123 134 147 140 130 107 106 110 102 123 118 118 89 102 94 70 70 69 64 64 83 67 63 63 63 82 63 82 66 73 82 102 100 86 82 91 90 81 57 57 61 65 69 77 83 104 103 101 105 103 84 87 91 114 110
130 134 138 132 129 104 100 98 94 94 100 101 101 107 107 111 146 153 152 131 132 154 128 133 157 155 136 130 148 156 125 124 154 148 115 119 126 134 153 151 136 148 147 147 143 116 116 135 110 125 130 125 92 86 78 75 73 99 92 67 95 76 73 69 69 63 63 63 63 66 80 86 97 99 94 72 72 82 57 57 73 91 95 91 91 94 108 104 97 109 105 101 104 116 114 111
108 132 139 130 126 121 124 98 98 96 114 114 123 128 133 111 120 127 134 160 159 159 135 140 162 152 140 162 163 138 133 155 146 143 119 149 148 149 155 155 145 147 149 132 141 141 139 136 119 138 136 125 113 107 79 78 106 100 77 77 102 88 86 88 91 68 68 63 63 63 75 64 94 87 91 81 67 88 57 56 58 65 95 99 99 103 104 96 96 98 87 87 88 104 112 107
112 115 141 141 115 115 105 105 113 96 100 109 111 129 147 118 118 151 155 155 156 158 155 154 143 143 143 161 158 138 154 156 144 138 133 133 150 149 157 141 123 140 150 130 124 120 125 135 134 137 129 102 102 99 80 107 109 102 81 83 102 104 94 91 89 87 85 63 63 63 63 64 75 101 98 85 67 66 75 56 56 56 81 94 91 85 81 72 71 72 77 81 88 96 97 93
103 131 138 134 129 108 105 108 115 100 102 124 128 133 143 126 148 160 138 156 156 156 149 147 162 155 143 143 162 154 156 158 152 147 155 154 142 155 154 130 118 118 144 126 140 120 111 108 121 129 127 116 92 86 86 120 118 111 83 98 104 103 95 82 77 77 65 65 88 67 63 68 62 61 67 61 62 66 79 56 56 60 91 90 72 63 63 65 71 74 79 95 96 93 98 83
99 131 125 127 130 128 119 125 106 102 104 128 133 148 149 128 138 141 136 140 145 162 161 159 162 155 159 143 134 153 144 146 149 149 157 148 139 136 153 125 113 107 136 107 137 128 130 104 101 97 112 122 123 114 117 111 112 109 92 112 109 104 106 106 100 74 74 102 91 89 63 62 62 61 61 61 62 60 75 64 56 82 72 57 57 58 75 82 92 81 91 94 92 89 89 78
99 100 103 104 123 129 116 113 108 128 109 109 115 141 146 152 153 134 134 144 168 165 162 157 146 141 137 137 132 125 125 136 141 124 124 144 145 127 120 123 139 107 105 103 129 127 100 134 127 95 92 90 109 89 112 122 108 109 109 109 104 86 106 107 99 79 98 95 94 69 63 67 79 76 61 60 60 60 72 56 56 72 57 57 84 73 76 98 89 90 102 100 90 78 76 73
116 126 115 105 107 135 132 133 135 115 109 110 111 119 131 152 149 126 147 155 159 156 151 138 153 150 155 154 149 129 124 124 124 124 115 138 144 139 117 116 138 131 95 92 108 99 100 129 117 123 114 86 79 79 98 125 99 87 100 103 108 78 98 102 104 97 103 96 98 95 87 68 89 88 80 82 75 59 59 56 56 57 57 65 91 96 93 92 78 94 91 101 102 73 73 73
123 134 136 109 109 118 141 140 118 115 132 139 135 134 144 145 127 120 148 131 152 158 156 132 152 154 140 151 157 154 149 139 117 115 115 111 138 138 130 110 108 118 94 90 85 85 85 94 109 112 109 114 78 78 78 87 100 80 81 100 87 75 70 94 74 87 99 98 96 99 100 99 96 87 66 59 59 59 56 56 76 79 102 104 102 98 80 79 73 73 84 98 96 92 68 68
137 120 140 143 138 118 131 125 121 117 117 139 146 148 153 142 124 120 120 131 146 146 156 132 130 152 137 150 158 155 155 141 135 150 151 111 111 137 128 126 102 97 94 121 85 85 82 82 80 90 83 109 99 98 75 80 82 80 73 85 90 67 66 65 65 76 85 76 78 81 79 76 106 98 90 90 70 76 64 56 79 86 70 95 100 86 69 69 70 73 78 97 99 93 78 68
110 114 134 146 143 135 145 143 136 134 138 140 144 142 129 138 141 120 120 126 147 140 133 146 127 131 131 150 134 153 148 146 142 143 140 115 111 111 111 101 97 97 121 129 126 94 87 80 80 80 77 77 95 98 75 75 81 82 72 72 69 69 80 65 64 65 71 65 62 62 62 73 102 99 84 88 83 75 81 56 56 56 63 77 93 86 68 68 88 95 97 98 99 94 82 68
109 140 148 141 152 144 144 144 148 124 124 120 135 139 125 125 140 120 118 141 148 153 131 145 119 130 124 123 130 156 145 147 143 150 138 122 138 139 111 141 113 108 130 129 119 97 101 103 81 86 98 94 76 90 84 75 72 72 72 72 72 81 69 66 94 65 65 65 76 71 61 76 83 86 88 62 63 58 72 71 56 56 58 89 85 86 66 65 86 89 91 81 97 89 82 72
113 113 120 158 155 146 140 133 127 125 120 120 120 138 139 125 120 142 111 139 141 149 126 138 118 115 118 123 153 132 145 150 141 138 138 147 150 150 148 147 138 125 138 126 105 105 128 123 117 107 86 79 76 75 75 75 78 89 72 75 99 95 69 96 97 69 96 90 86 76 61 59 82 79 64 57 56 56 56 64 59 56 57 72 89 89 63 57 75 89 78 71 92 92 88 64
107 133 142 142 157 154 146 130 130 144 147 134 117 117 131 137 116 112 111 117 146 150 125 135 132 111 118 150 150 125 142 149 150 150 138 136 136 152 146 145 131 131 131 128 106 136 142 132 103 98 88 108 78 76 99 75 83 90 81 98 106 79 79 100 107 104 100 86 86 84 59 57 57 57 57 57 57 80 56 56 56 56 79 90 90 93 84 57 79 78 65 69 83 91 85 76
107 107 118 123 152 151 150 133 149 148 133 137 137 112 109 140 135 111 111 132 139 142 119 128 131 110 131 142 122 124 139 151 151 153 150 142 131 144 143 142 146 121 118 129 138 138 125 126 123 122 93 87 82 82 99 78 111 112 117 101 82 81 90 101 103 91 96 83 73 84 76 67 57 57 57 65 62 96 80 74 70 56 56 73 80 78 76 55 55 62 65 86 87 78 62 59
142 111 144 156 158 155 157 138 131 129 119 118 118 118 109 109 107 129 106 110 132 138 119 115 136 103 131 138 114 138 143 126 143 148 141 119 119 143 129 143 136 140 118 123 128 131 130 110 124 124 93 110 90 100 97 85 102 112 113 109 93 103 101 83 82 72 66 66 62 59 58 57 57 61 88 83 86 90 88 78 78 71 56 71 65 79 77 54 55 74 86 86 80 86 72 59
141 149 157 157 159 158 160 150 133 131 143 120 118 118 118 135 107 106 106 106 111 135 133 111 132 103 133 135 113 133 136 123 133 128 133 142 119 119 121 141 142 123 110 112 127 123 111 108 102 119 110 110 117 101 87 85 87 113 110 120 113 113 109 101 78 77 72 80 62 59 59 65 59 87 91 100 102 92 64 63 56 55 55 60 60 76 71 54 64 73 82 66 70 83 76 60
129 128 127 133 157 153 155 153 144 151 146 128 141 143 138 122 112 134 106 106 103 125 106 106 133 103 124 111 111 136 119 115 132 115 138 140 142 117 114 114 115 121 104 103 123 125 104 100 95 98 99 114 118 109 89 109 87 96 110 119 110 93 104 78 87 84 83 70 63 93 95 81 62 72 84 98 103 80 65 84 59 55 55 54 54 54 54 54 64 67 68 65 56 69 62 53
113 117 123 145 156 144 149 149 154 154 143 143 145 139 141 116 109 109 109 106 102 102 99 99 106 99 113 105 110 133 106 115 134 110 140 142 141 140 122 114 111 117 119 92 103 122 115 117 91 95 97 99 108 107 108 115 96 113 113 113 105 88 83 78 78 73 70 70 77 92 91 64 64 64 67 94 98 99 86 61 61 91 68 57 76 53 53 53 53 53 53 53 53 53 53 53
139 148 141 145 153 140 144 147 143 135 145 145 146 127 120 120 120 144 110 110 142 109 99 98 98 98 98 98 98 111 102 115 103 103 115 146 135 139 136 134 106 102 92 92 114 113 114 111 90 86 91 104 111 109 105 116 114 120 127 106 94 93 104 85 78 73 93 91 90 92 70 69 65 68 87 98 103 102 77 67 85 91 60 59 83 77 68 58 53 53 53 53 53 53 53 80
138 137 143 144 149 137 133 128 130 129 128 128 129 147 147 146 120 135 127 137 144 109 111 137 131 98 98 98 98 98 98 98 98 124 134 129 113 134 122 127 125 124 95 92 92 92 106 98 104 86 103 104 111 104 96 100 113 109 103 117 111 94 90 90 100 81 87 101 100 72 72 71 94 68 68 74 83 102 84 94 91 71 65 62 86 62 56 56 56 77 73 71 62 53 53 75
120 120 134 123 142 139 135 126 131 127 142 127 145 147 143 141 143 136 133 133 138 142 147 147 144 143 140 136 101 98 98 98 98 100 129 127 109 130 122 118 112 109 102 97 107 100 92 88 84 86 106 105 103 91 91 102 117 103 103 122 118 117 119 93 106 87 87 104 89 89 102 99 97 68 73 73 86 112 110 108 97 73 81 85 68 65 61 58 81 78 75 71 63 51 73 75
111 130 143 123 136 117 135 123 126 120 121 127 143 149 146 151 156 136 136 132 129 127 144 145 143 145 142 140 136 134 123 98 96 102 112 102 109 128 130 125 117 122 119 118 117 109 102 111 84 84 105 104 91 91 108 104 105 97 111 116 122 120 117 124 112 97 111 111 114 112 120 79 76 69 76 103 86 91 117 115 108 98 107 83 72 95 61 65 83 82 79 51 51 51 60 65
135 133 138 112 128 112 104 109 116 120 120 133 141 130 135 156 157 146 148 133 137 127 127 120 120 129 138 128 135 133 130 104 118 91 91 93 95 118 125 126 105 122 119 126 122 126 109 92 84 84 98 85 91 110 107 117 95 108 109 100 100 119 117 121 124 128 132 119 113 94 94 88 104 75 76 103 107 111 111 125 129 115 119 87 84 97 66 77 83 78 71 61 53 51 51 51
127 106 127 111 99 99 101 108 115 120 120 120 120 130 137 143 150 148 137 137 147 127 145 146 120 120 113 122 125 135 130 128 114 91 91 91 91 91 121 125 101 100 98 126 122 127 123 112 108 84 83 98 105 112 117 103 94 95 98 99 105 114 104 103 103 123 131 132 120 106 116 115 115 85 80 80 87 92 126 125 127 125 126 114 104 91 88 86 90 87 72 73 70 64 57 51
95 96 121 122 98 99 124 125 135 120 120 120 145 148 132 153 151 150 147 150 146 150 147 147 120 118 113 111 111 112 106 114 117 124 124 113 90 91 91 112 119 93 96 105 109 90 111 105 109 88 82 87 100 106 114 94 94 105 94 114 100 109 97 97 114 103 101 124 128 129 119 112 100 107 105 99 113 120 124 124 124 103 126 107 115 106 97 69 75 76 66 59 70 67 66 51
93 113 117 113 95 95 102 103 128 140 137 131 146 131 132 152 150 149 144 149 151 124 137 138 147 150 124 121 109 107 104 98 93 118 114 91 91 91 91 91 91 91 83 83 83 83 83 114 114 109 82 82 102 111 115 92 94 92 94 93 93 106 91 93 116 100 100 119 118 115 113 112 92 98 107 106 109 107 102 97 96 96 115 105 105 77 72 69 65 59 59 57 56 56 53 53
93 111 116 106 95 95 98 103 129 120 126 124 142 124 141 146 131 144 132 134 146 122 122 140 143 145 141 148 132 134 112 101 93 91 91 91 123 112 103 91 91 91 84 83 83 83 83 92 109 111 82 82 92 92 101 89 102 89 104 88 97 107 91 106 113 91 94 94 115 124 100 95 89 86 84 106 100 103 107 88 96 113 112 102 83 80 93 73 72 66 93 89 66 65 67 87
98 98 108 93 95 95 115 129 125 116 112 112 112 116 140 140 130 142 128 120 140 137 120 125 139 141 129 149 149 142 139 139 133 127 121 108 98 96 91 91 122 126 122 93 100 83 83 82 82 94 92 82 87 94 98 82 100 81 85 85 110 109 89 97 108 89 95 95 106 121 120 117 104 98 81 93 102 102 88 88 95 113 119 115 91 105 88 82 82 77 88 103 71 85 96 88
91 101 101 90 94 95 106 123 125 126 111 112 131 147 139 138 127 141 139 115 122 133 116 137 146 122 129 152 127 127 136 132 136 116 111 111 108 130 100 125 134 126 100 98 125 97 83 82 82 82 82 82 78 77 92 77 77 79 79 99 101 87 87 100 104 82 83 115 109 110 110 117 96 89 80 85 98 103 82 91 91 103 105 118 117 111 92 117 116 91 111 111 107 102 96 95
105 89 89 89 105 111 113 100 125 126 111 110 139 140 138 135 118 140 135 114 136 136 111 116 137 117 122 145 151 127 139 128 133 132 135 122 127 131 132 131 133 129 105 131 120 108 99 82 82 82 82 82 97 77 76 94 76 76 88 95 98 80 91 93 95 80 90 91 95 96 113 117 104 107 80 80 89 95 80 80 88 109 115 116 116 116 117 118 116 110 115 112 111 114 119 112
83 88 89 92 92 92 93 98 115 126 128 109 132 133 119 134 118 118 130 114 109 127 107 127 136 114 129 139 124 117 131 120 129 134 135 134 132 131 135 131 122 115 109 125 112 112 82 82 82 82 82 112 111 97 76 76 89 76 76 83 94 80 79 89 96 78 84 84 93 103 111 112 90 90 85 80 80 80 80 98 104 107 118 117 107 109 118 117 108 112 112 98 104 109 110 95
83 91 94 93 93 93 93 95 101 112 127 109 109 133 114 121 123 117 117 129 108 121 105 105 107 107 120 131 115 109 118 116 114 116 133 133 127 127 127 122 128 115 129 126 100 92 92 87 83 100 106 105 108 101 75 76 76 76 76 76 93 94 76 99 98 76 80 80 85 109 115 121 107 111 109 96 93 104 80 79 88 108 91 97 106 116 105 105 107 104 110 98 96 106 108 91
113 112 125 124 125 127 114 104 116 115 129 136 109 109 109 104 115 126 110 110 101 101 126 105 105 112 123 129 109 109 114 114 109 129 129 118 134 125 115 115 125 129 115 101 101 112 112 89 113 112 103 98 96 96 96 102 100 76 76 76 76 76 76 91 90 75 84 100 90 91 116 123 119 112 113 116 117 112 109 76 75 84 84 95 99 110 103 97 97 103 111 107 93 98 100 104
