tests/testdata/gmted/ds75_grd/ds75_grd
ncols        488
nrows        345
xllcorner    -79.270972222238
yllcorner    35.518611111096
cellsize     0.002083333333
NODATA_value  nan
[rows 135 to 179 of 345, columns 192 to 287 of 488]
115 112 114 105 116 125 130 133 125 125 119 121 128 125 120 122 128 126 121 121 120 128 124 122 116 119 112 108 111 115 115 116 119 109 102 100 118 124 112 104 117 112 113 113 117 116 118 114 104 105 104 117 121 119 115 97 112 116 120 120 124 124 123 116 128 137 148 152 149 140 133 137 142 147 143 137 127 116 117 120 124 115 117 120 112 123 108 103 89 98 105 108 108 109 107 111
115 115 109 108 111 123 119 116 125 116 123 120 128 132 120 120 131 128 127 135 122 116 113 111 110 107 113 114 118 118 118 121 106 105 108 111 119 122 108 107 119 120 122 113 111 109 113 106 101 108 120 112 121 123 111 110 119 117 127 122 129 128 123 134 139 142 153 143 143 137 119 129 135 142 138 137 135 133 116 109 115 106 108 115 106 111 110 96 89 98 110 111 104 116 118 118
115 109 97 108 113 111 110 118 120 124 125 122 133 132 129 127 129 124 130 130 119 114 121 123 111 122 114 124 120 114 116 111 102 103 110 130 127 131 108 111 122 125 120 115 107 119 103 104 100 112 122 122 127 114 106 118 118 122 136 131 128 126 125 139 147 145 147 133 140 140 130 126 130 137 138 129 128 128 130 105 101 97 98 100 102 98 99 102 107 110 118 128 122 128 117 120
102 106 99 109 119 112 118 118 120 123 119 124 125 124 121 133 128 122 117 116 118 119 127 121 117 121 126 119 112 106 109 123 112 117 111 127 135 129 117 117 123 127 122 118 110 104 97 112 114 106 109 118 125 123 109 109 126 134 130 141 137 138 135 140 145 145 136 128 130 124 132 115 124 130 129 122 125 122 113 100 99 110 126 109 105 109 115 113 104 125 131 129 134 120 116 116
107 97 113 104 104 114 115 115 115 119 127 122 122 121 130 129 135 124 124 118 131 128 128 122 127 125 117 114 103 111 123 119 115 122 119 119 133 139 127 120 129 124 123 111 104 114 105 115 117 112 103 129 119 126 115 127 134 136 129 139 136 133 144 149 150 150 141 129 125 118 114 113 110 117 115 113 117 109 107 118 114 122 131 122 125 110 119 121 117 123 117 125 126 126 120 123
109 103 119 107 102 105 104 101 117 117 114 113 120 126 130 126 132 131 130 126 126 132 130 125 123 117 107 104 103 117 126 113 122 129 131 126 133 130 126 143 130 127 118 128 132 125 117 123 113 118 112 109 120 129 128 126 137 139 132 135 131 139 140 154 150 140 137 134 132 127 125 120 119 127 119 112 112 113 126 128 121 121 136 141 118 123 116 126 126 123 133 130 128 123 120 126
92 108 113 108 116 108 113 110 109 111 119 123 129 130 131 126 129 125 133 130 128 120 121 118 126 117 112 121 119 128 125 128 128 135 135 135 137 134 134 133 133 134 121 134 124 114 114 128 130 115 123 122 129 118 127 128 129 141 144 143 148 137 145 147 156 155 143 136 125 122 118 120 127 140 134 124 109 123 128 130 119 126 119 134 135 120 125 122 124 124 131 125 127 125 122 122
109 114 111 112 122 113 118 121 127 117 117 124 123 134 127 122 125 128 131 126 122 125 121 120 122 116 121 121 128 128 130 141 127 138 135 135 134 136 133 135 133 134 129 129 119 120 123 130 137 120 131 130 143 142 131 132 141 146 146 154 144 146 150 157 152 156 149 141 130 125 119 128 139 145 138 124 131 118 135 144 136 128 134 140 138 140 137 131 126 121 121 126 122 125 128 119
120 111 111 111 119 112 119 116 121 125 119 127 125 129 131 132 129 130 124 120 120 120 125 123 121 109 120 120 133 129 140 143 137 134 132 133 139 132 133 133 141 137 134 136 130 132 137 137 139 135 134 148 151 153 149 137 141 145 148 149 155 152 152 153 151 139 135 132 129 121 136 140 141 141 129 130 142 140 126 139 145 137 130 135 133 136 140 131 127 115 118 122 116 121 114 114
105 103 102 105 107 117 119 124 118 121 122 132 121 125 125 126 122 122 123 122 120 123 125 124 121 126 113 129 136 132 133 135 135 134 140 130 127 134 126 135 135 135 131 139 140 132 132 141 141 145 149 151 154 150 146 150 141 146 148 146 149 156 153 158 148 140 149 130 134 129 145 144 151 152 142 133 142 142 131 137 143 137 140 130 132 133 140 138 133 127 117 111 109 117 112 118
104 106 112 122 114 113 126 113 118 122 124 131 122 125 125 119 117 130 118 125 128 127 127 133 124 129 134 118 124 128 126 129 133 134 130 128 123 118 123 122 129 135 134 135 140 139 144 140 144 144 148 151 149 150 149 150 144 142 140 143 155 157 157 143 157 151 157 148 145 129 136 148 153 161 154 149 148 150 153 141 141 137 131 129 126 133 132 131 133 125 118 107 109 104 103 112
111 118 118 115 122 118 120 113 116 126 125 129 126 128 127 125 124 115 114 120 123 128 125 126 127 129 133 129 128 129 124 128 127 132 135 133 129 128 124 127 130 133 134 131 136 139 141 140 145 150 148 150 147 149 156 142 151 139 143 151 149 156 160 160 162 162 165 155 138 141 150 161 153 164 156 150 148 148 150 146 141 128 123 123 120 120 127 123 130 123 106 106 104 119 103 103
105 110 117 115 111 109 114 112 118 113 119 125 123 121 129 123 116 115 114 120 127 128 124 127 131 135 132 129 129 133 123 119 123 131 137 131 137 130 122 126 125 128 136 137 137 138 141 144 145 142 145 149 149 150 142 142 144 139 145 149 150 155 162 161 169 152 154 152 133 137 143 158 163 165 158 151 139 137 142 142 139 139 131 132 125 115 119 123 121 117 107 121 128 128 117 98
103 104 114 105 112 105 106 112 114 112 115 124 124 120 117 117 115 117 113 119 120 123 126 127 125 129 131 134 135 127 133 130 120 128 134 128 127 129 119 133 133 134 135 125 133 135 136 136 131 141 147 148 143 143 142 143 136 137 141 150 154 156 159 166 163 151 138 132 148 149 154 158 149 162 151 148 149 135 135 138 136 138 137 136 135 129 113 113 108 101 109 122 125 123 110 105
92 100 102 97 110 102 107 111 115 111 120 125 120 118 116 116 119 119 126 126 126 119 119 118 126 131 135 142 136 135 132 128 127 121 117 124 125 133 112 115 120 121 133 135 135 139 136 130 135 142 140 143 145 141 142 138 136 139 140 141 148 147 159 163 150 142 147 144 155 154 151 142 140 145 153 141 149 142 133 133 134 138 143 142 134 131 123 111 104 132 130 127 129 121 108 116
95 100 107 117 107 106 110 114 121 120 119 117 116 115 119 122 121 119 126 125 124 123 125 127 124 129 130 138 138 135 134 131 139 131 124 118 111 112 104 117 127 131 135 131 137 146 134 128 134 146 147 143 141 139 136 140 146 141 147 150 154 158 159 163 150 163 153 150 162 156 164 153 150 141 134 136 138 135 140 124 130 135 137 131 127 121 111 108 128 134 127 124 124 114 110 113
105 105 117 126 114 106 118 119 123 117 117 117 118 119 118 119 114 116 114 116 119 129 124 135 122 137 131 136 136 126 133 134 129 126 133 132 120 120 115 118 127 129 130 129 135 142 133 129 128 140 142 142 149 147 126 144 147 146 149 154 157 162 162 161 152 170 155 151 166 158 159 160 159 151 143 132 136 136 141 136 120 124 124 124 118 115 111 126 134 133 131 124 126 115 116 123
101 113 115 121 111 118 110 110 121 126 112 112 116 124 128 117 116 110 110 124 122 127 125 137 117 129 135 134 133 125 128 128 131 126 122 127 122 118 115 124 123 115 124 120 127 133 137 126 129 131 134 136 138 139 134 136 145 156 152 159 167 158 161 159 165 164 159 163 160 145 155 155 155 154 147 144 129 123 126 135 130 114 114 113 117 113 129 132 133 129 124 128 120 115 117 129
107 114 122 116 108 109 116 118 120 118 105 115 118 122 117 114 106 110 114 115 122 119 115 119 121 125 126 128 123 121 129 138 138 138 132 124 113 115 111 120 120 111 118 124 126 137 132 129 131 132 133 132 128 130 137 128 140 148 151 151 155 159 157 156 157 167 159 163 153 155 148 141 140 142 146 146 137 133 131 120 128 124 124 136 127 129 132 136 135 131 121 125 121 109 116 128
107 115 115 109 101 111 115 116 117 115 107 112 114 113 110 110 110 112 114 118 121 119 121 118 125 122 134 134 131 122 119 132 134 126 126 127 125 125 110 110 111 123 129 127 130 133 127 118 122 138 134 136 128 128 142 147 146 146 153 153 157 154 158 154 156 158 158 158 162 149 152 160 149 145 133 136 134 124 122 122 124 122 132 126 127 132 130 127 128 125 117 116 110 116 127 133
108 114 101 100 103 106 114 112 118 110 107 117 122 123 112 112 113 113 111 112 122 120 123 126 134 123 136 133 129 128 120 134 126 120 128 127 125 115 111 111 117 121 127 131 123 123 117 123 127 131 130 131 122 130 132 141 152 150 155 156 157 152 152 147 156 159 156 148 153 154 153 154 153 147 133 131 129 135 127 141 144 137 136 148 147 142 134 125 118 125 112 110 110 116 116 120
114 100 97 97 114 110 106 104 113 112 106 111 124 123 114 113 112 119 130 125 106 122 115 113 126 135 138 132 122 115 115 128 124 119 130 127 117 123 110 103 113 124 122 117 121 117 129 128 129 131 128 124 121 127 128 136 139 149 149 145 152 145 146 149 154 149 156 155 152 146 141 141 144 141 141 136 146 155 142 148 149 145 141 139 136 131 130 132 134 121 129 133 127 129 126 136
110 100 107 109 116 114 110 111 113 113 105 109 117 112 112 105 123 128 131 121 117 128 127 127 136 136 137 127 126 123 120 113 117 114 119 126 118 114 106 105 112 122 118 116 112 122 125 128 133 130 128 122 126 135 142 145 145 141 147 148 144 140 143 142 140 151 162 157 157 158 165 148 155 159 151 145 150 152 151 148 153 143 139 146 139 138 135 136 129 129 137 137 132 127 121 131
100 97 104 119 105 103 104 117 115 108 101 99 108 114 108 123 127 121 117 107 118 121 129 130 127 129 133 131 121 131 125 111 120 111 116 117 117 117 106 106 119 123 113 110 115 130 123 132 137 131 120 117 127 134 132 143 141 148 146 147 144 138 131 132 139 144 153 151 163 157 154 158 160 149 154 151 144 142 143 149 151 145 153 145 141 143 142 142 132 132 140 141 136 132 138 135
92 101 110 100 98 100 110 105 111 119 119 112 114 107 112 117 115 111 106 112 124 131 127 129 133 133 129 129 123 121 124 123 116 107 112 111 116 116 109 113 116 122 112 121 130 133 128 130 127 126 123 122 126 127 136 144 136 137 136 138 137 131 138 149 150 150 140 144 158 162 168 162 151 148 149 140 142 138 134 146 146 140 139 143 143 147 142 145 142 144 146 153 144 134 141 141
99 114 104 98 95 103 103 103 115 110 117 109 107 110 115 118 106 102 105 107 109 115 122 120 128 128 128 122 118 114 119 122 121 116 103 101 107 115 106 108 118 109 111 119 118 124 133 128 124 121 123 121 128 137 137 137 128 136 128 129 141 141 141 149 155 154 149 158 161 158 160 155 152 154 151 140 136 139 129 141 152 146 137 139 141 136 140 156 152 145 146 151 151 141 149 149
106 105 104 91 106 104 108 107 108 112 119 108 103 104 111 110 103 104 113 122 116 124 129 133 130 131 128 120 111 111 114 119 130 118 113 105 98 105 103 106 110 109 112 111 121 129 121 127 122 121 113 122 128 124 125 129 122 125 128 84 86 125 148 157 155 155 156 162 159 162 168 162 147 146 151 140 141 128 137 139 146 144 133 135 132 141 146 148 149 147 149 148 149 143 147 144
97 99 99 104 107 106 105 113 117 108 117 105 100 106 106 104 113 122 119 124 125 125 131 129 127 125 126 122 115 111 120 115 121 117 117 115 115 102 103 103 102 106 124 113 115 120 119 123 123 123 116 129 120 121 134 122 124 129 139 120 122 136 152 158 158 149 148 157 165 159 165 160 156 148 137 142 138 135 125 137 136 133 137 128 132 140 144 143 137 146 148 149 150 150 138 142
95 94 90 98 93 99 106 107 108 114 106 105 94 103 103 105 112 117 126 123 122 135 130 127 126 126 125 111 110 112 118 126 131 124 117 116 119 107 101 103 107 111 120 126 117 121 121 124 118 115 113 118 128 139 144 144 129 141 142 149 150 158 160 158 154 152 147 151 155 157 156 154 146 141 139 129 136 137 131 125 129 130 130 119 129 137 138 143 150 152 142 148 147 143 141 137
92 89 90 89 94 89 100 106 109 113 115 117 94 104 104 105 110 124 123 114 116 115 123 124 127 124 119 113 113 109 109 107 107 113 113 109 104 101 105 119 117 122 122 117 124 121 121 123 121 114 122 134 149 151 142 145 145 144 149 149 150 158 154 157 152 147 143 149 155 154 157 156 152 158 147 147 134 122 128 124 123 128 123 131 136 138 134 147 144 137 147 147 146 136 126 126
92 92 86 89 99 105 105 109 109 110 121 124 112 96 106 104 112 113 109 115 110 121 123 122 125 130 120 114 111 109 110 110 118 113 110 107 103 108 109 118 114 106 119 121 122 125 122 125 115 115 117 132 144 150 146 144 149 153 158 143 141 146 157 157 144 127 146 141 154 155 147 138 151 144 151 148 142 131 126 126 112 122 121 129 132 122 137 130 133 138 145 144 137 135 128 119
95 99 97 102 100 105 100 107 114 119 117 113 106 105 99 101 105 109 118 118 119 122 115 117 128 126 114 114 112 117 106 115 117 111 104 103 97 104 127 124 120 110 119 122 118 123 120 119 116 112 126 139 149 147 152 133 147 150 148 141 141 153 151 149 148 136 140 138 154 151 133 129 132 134 140 142 147 147 135 139 125 114 120 129 127 125 135 135 143 149 145 146 141 141 135 124
87 87 99 95 100 102 102 102 111 117 115 113 117 121 121 97 109 109 120 125 127 122 118 125 125 120 114 114 106 111 100 107 117 112 95 103 120 124 123 117 118 121 121 114 122 120 122 128 116 111 119 137 142 144 142 141 153 154 141 131 144 149 152 158 139 142 129 139 151 153 147 136 128 130 133 141 143 132 130 132 128 111 116 115 117 127 135 136 147 146 145 143 141 135 136 130
90 96 97 92 91 94 99 112 112 126 126 114 123 120 122 106 99 107 113 119 120 106 114 118 118 124 116 112 111 113 100 111 108 95 98 118 121 122 117 120 120 121 119 121 123 127 126 120 118 118 126 131 138 145 140 153 146 152 139 126 128 136 138 138 141 137 122 132 151 146 138 123 123 133 123 143 142 132 129 119 115 111 108 119 133 134 138 131 134 136 141 140 138 139 131 128
103 103 105 97 94 100 102 111 119 121 127 127 127 123 111 110 94 110 111 120 107 116 124 124 124 121 122 118 115 104 101 106 106 95 113 108 111 107 119 119 121 124 122 125 124 122 118 126 115 122 131 139 145 141 135 149 145 146 133 127 127 134 134 130 143 128 121 139 146 143 140 121 130 136 134 141 145 141 131 125 115 109 110 123 123 127 139 130 127 129 134 137 139 138 128 120
103 99 114 103 104 112 117 118 128 127 131 122 124 115 110 104 103 101 108 103 115 124 122 115 120 120 122 123 127 106 101 96 99 95 109 108 104 119 122 121 125 130 132 130 123 115 116 122 117 123 129 143 141 132 142 148 143 137 129 130 134 140 146 139 127 131 125 144 148 139 133 113 127 115 129 137 139 137 139 118 119 111 114 113 123 130 138 139 133 130 135 134 136 134 122 115
100 105 103 99 106 110 120 120 126 127 125 127 122 116 118 116 116 108 100 100 118 116 111 113 115 120 117 116 118 111 95 95 95 104 107 109 116 117 123 117 129 132 131 128 128 120 124 118 107 127 134 140 145 133 137 137 138 125 134 139 142 144 142 131 127 125 115 134 141 139 130 117 115 119 124 127 126 133 133 129 118 113 107 114 122 121 131 140 127 125 126 132 134 134 130 127
107 109 111 104 109 114 117 125 122 120 120 122 129 127 128 125 115 113 104 102 107 103 95 113 119 117 120 118 113 100 95 100 104 106 112 111 112 119 119 125 129 130 131 134 122 120 131 127 115 114 119 134 130 125 135 141 119 132 133 139 144 140 134 137 127 116 111 131 138 131 124 121 119 114 111 118 122 126 128 132 128 117 107 114 116 123 130 135 127 118 127 131 136 134 128 125
110 109 108 98 112 112 120 118 114 116 118 121 124 127 123 126 115 109 103 97 102 93 96 119 129 126 125 112 107 95 95 105 106 109 110 114 119 124 128 130 133 132 133 130 133 130 132 123 120 108 126 136 137 127 125 121 123 131 133 142 147 149 135 122 120 118 115 127 118 131 120 104 106 112 118 125 127 121 127 124 127 122 113 107 115 122 132 129 114 115 120 128 142 140 132 129
109 105 105 101 111 111 112 120 111 112 117 115 116 122 116 118 122 113 106 106 108 96 108 110 113 114 120 114 115 95 95 104 110 114 113 111 119 126 130 136 132 134 130 129 125 132 136 130 129 108 109 131 133 131 115 125 134 140 123 147 150 142 132 121 123 122 106 110 121 125 118 110 100 109 117 127 128 121 112 120 120 119 116 107 119 123 129 121 107 122 124 125 138 136 135 139
112 102 99 101 104 106 116 123 118 115 116 111 110 107 112 115 116 110 105 105 103 96 96 108 108 112 110 110 106 95 95 102 105 109 113 116 127 129 135 131 129 128 130 128 127 120 127 121 117 127 108 112 133 131 114 126 131 141 138 145 146 146 141 138 130 123 116 114 119 110 112 102 103 107 113 120 125 119 112 107 112 106 112 100 118 123 122 117 120 119 128 133 137 128 129 131
107 102 99 105 107 113 117 117 122 120 117 115 118 122 109 106 109 117 113 110 117 103 96 106 105 113 115 117 108 95 95 102 108 108 111 119 118 125 129 128 127 130 122 128 125 129 124 130 136 130 113 109 102 122 120 129 127 131 141 150 138 140 136 135 135 129 105 115 113 113 120 104 117 119 124 125 126 124 124 122 108 104 100 108 119 119 116 107 113 130 132 135 132 120 121 128
98 100 101 93 98 103 106 115 120 121 127 130 120 117 113 105 106 103 109 112 112 109 98 111 109 106 114 116 99 96 96 105 108 113 115 115 124 124 121 126 121 128 127 120 125 127 128 128 134 133 135 123 134 120 105 120 123 135 142 148 134 132 120 133 133 128 112 104 119 114 105 100 104 121 122 135 129 125 122 130 124 116 100 116 120 110 99 109 124 125 137 129 131 121 121 121
90 100 105 100 99 104 107 120 121 125 119 117 112 107 109 112 109 104 100 95 100 111 103 100 98 113 112 114 102 95 93 105 110 116 117 118 119 119 123 118 121 121 126 123 122 127 126 130 134 136 141 126 132 123 107 112 122 122 144 143 123 118 119 129 138 124 115 103 102 118 93 110 118 117 123 127 125 115 115 117 114 118 110 105 109 106 112 122 126 131 139 128 119 117 117 123
94 100 105 106 109 110 117 121 118 120 120 116 120 117 121 112 106 105 100 102 105 98 106 101 91 98 106 105 95 89 98 107 104 106 109 117 123 132 134 132 126 118 121 120 121 129 136 135 138 127 138 135 136 118 118 114 113 121 136 141 135 125 115 124 135 129 125 108 96 101 95 102 107 111 120 120 122 122 113 112 110 101 104 96 98 114 121 126 128 132 126 134 126 117 117 119
