tests/testdata/gmted/ds75_grd/ds75_grd
ncols        488
nrows        345
xllcorner    -79.270972222238
yllcorner    35.518611111096
cellsize     0.002083333333
NODATA_value  nan
[rows 180 to 224 of 345, columns 0 to 95 of 488]
164 159 152 153 148 152 142 138 142 132 134 142 154 152 150 143 140 142 134 145 153 149 155 153 156 166 173 181 162 153 146 143 148 138 139 130 138 126 132 140 144 150 148 158 159 159 175 167 171 173 168 160 157 168 171 179 188 191 183 189 182 186 194 196 184 177 193 191 165 162 167 172 182 179 175 159 150 154 162 169 176 173 160 146 127 138 149 175 176 177 168 176 172 174 166 164
156 154 149 145 141 139 133 140 131 127 137 137 145 143 145 147 140 139 142 138 142 152 148 150 152 164 180 190 166 151 144 140 145 145 141 139 129 128 128 142 148 142 146 148 152 146 147 156 173 176 161 155 159 168 188 193 186 181 177 175 174 184 187 183 164 175 183 183 179 174 190 188 193 175 155 163 162 170 165 176 176 175 173 141 138 148 163 178 195 187 173 176 161 155 161 153
151 152 147 144 145 150 148 134 130 125 128 130 142 136 138 138 134 147 144 149 139 141 159 162 155 167 180 195 163 152 142 135 141 149 147 136 139 132 130 141 138 146 149 149 156 151 146 149 150 170 148 147 157 170 193 182 181 176 177 172 173 168 169 173 175 174 169 178 185 174 178 189 177 162 159 174 179 179 183 179 179 175 153 151 143 158 168 181 197 180 180 175 159 155 151 149
152 153 153 162 145 149 144 137 137 132 126 122 128 134 134 133 136 150 142 143 147 154 149 157 151 159 166 177 171 164 155 140 133 138 140 138 137 130 118 126 142 144 152 148 148 145 141 146 149 152 145 169 182 183 191 177 173 177 181 179 173 170 159 171 169 170 175 179 179 180 178 185 166 165 178 172 179 180 180 179 175 163 158 154 140 154 167 182 183 174 170 162 162 162 162 153
157 162 158 150 148 157 150 150 144 138 138 131 139 126 116 120 137 149 139 139 138 141 136 154 166 161 174 185 161 154 143 134 131 121 137 140 139 126 132 132 143 139 141 139 148 143 146 139 136 147 159 172 180 187 180 181 192 186 180 179 174 168 168 164 164 168 177 180 183 182 184 181 178 185 187 190 182 181 176 169 162 152 147 143 140 149 166 169 175 171 165 158 164 174 167 169
161 167 158 153 154 152 164 152 147 145 137 138 136 141 143 130 117 141 133 141 137 147 154 152 166 170 183 191 174 151 136 132 134 126 132 131 135 127 123 136 133 140 152 139 135 137 137 136 149 149 154 161 167 166 174 185 188 186 175 173 179 164 162 172 183 177 186 186 185 184 188 181 169 172 184 181 176 173 167 166 167 166 159 162 159 159 169 167 169 167 168 166 167 175 168 175
157 168 161 164 161 159 156 158 147 145 148 143 150 150 129 127 120 143 140 145 145 155 162 153 160 167 180 171 152 147 145 142 138 135 124 126 127 128 117 130 125 127 132 140 131 126 140 142 151 146 150 157 159 159 175 189 195 186 177 165 163 169 159 166 172 184 182 185 182 183 184 176 178 174 182 181 186 178 179 182 185 178 165 168 170 167 177 170 166 166 166 170 174 180 168 157
154 157 161 158 157 160 162 162 153 152 141 147 151 149 129 133 122 148 139 141 147 146 157 161 165 174 173 160 143 140 140 134 132 138 133 123 124 118 124 124 121 122 126 130 127 143 145 147 146 151 150 149 153 157 169 183 184 189 176 164 158 155 161 176 178 174 179 187 182 182 185 184 189 180 179 175 173 174 182 183 184 176 185 182 178 173 169 169 160 158 161 171 181 158 155 149
149 152 154 156 160 154 155 156 157 158 156 153 146 137 131 126 128 155 149 139 139 153 173 166 172 186 205 167 153 144 136 138 135 129 130 128 120 117 120 129 135 138 138 146 143 145 149 150 152 147 156 148 157 159 172 179 178 167 165 161 155 161 155 171 171 176 180 182 175 186 183 187 188 192 180 172 176 171 179 176 185 183 178 170 167 165 165 167 159 157 164 163 161 153 143 130
158 162 147 148 150 146 153 155 151 154 156 152 139 138 131 131 118 148 138 137 148 164 180 167 177 182 185 156 143 143 141 133 137 140 138 119 119 122 128 135 145 146 151 150 153 149 149 157 149 153 150 141 154 154 159 167 161 165 166 162 155 155 167 175 176 187 188 180 184 183 190 186 185 179 181 184 182 169 175 167 176 177 188 172 171 168 167 162 166 150 150 153 152 142 130 135
162 156 150 153 150 146 150 149 154 154 162 154 152 153 144 130 126 121 127 142 146 156 155 168 184 178 165 149 137 134 137 134 124 127 116 118 117 127 129 138 142 141 142 146 154 153 155 156 147 152 142 126 139 154 150 153 167 170 166 160 152 149 154 165 176 182 178 179 177 180 180 184 176 173 173 174 172 166 168 162 168 184 187 173 167 161 162 151 148 140 141 137 139 132 152 149
164 161 162 157 155 152 148 153 154 153 159 157 156 146 143 137 137 125 116 143 142 140 151 165 162 162 147 137 137 128 131 138 133 122 118 115 114 127 131 138 146 143 145 151 153 147 151 159 148 144 142 127 148 144 148 164 174 178 162 148 141 143 152 173 179 167 173 176 172 178 172 164 171 179 180 174 176 169 160 165 174 186 184 165 169 162 153 147 148 137 133 126 137 154 160 160
169 167 159 153 149 148 149 155 154 151 160 162 154 149 145 143 143 141 124 116 130 135 135 136 136 138 152 133 126 132 122 131 135 134 130 122 119 122 131 142 135 143 141 143 133 144 140 143 135 146 140 136 139 155 166 166 166 167 151 147 139 146 156 165 163 168 162 167 175 171 164 158 164 165 165 154 165 160 169 157 166 171 170 172 171 164 160 156 146 155 150 152 163 167 165 161
156 159 160 154 145 146 153 153 151 159 165 154 152 153 150 147 147 138 137 135 120 124 126 130 127 128 122 123 124 129 121 138 135 140 139 126 124 133 150 139 133 145 145 135 123 135 141 142 143 138 134 142 150 160 157 175 174 159 151 151 141 148 157 167 167 162 152 164 163 173 165 164 148 149 152 153 155 152 143 154 159 160 170 178 168 161 159 155 150 160 165 172 172 172 167 163
154 153 155 150 145 141 147 141 156 161 163 154 150 151 156 141 134 125 126 134 125 130 134 132 134 142 139 125 121 113 117 133 142 138 139 132 124 139 149 136 125 139 137 136 127 127 128 126 120 143 149 160 174 171 171 173 166 155 151 147 151 152 154 162 153 153 153 158 161 172 168 163 151 147 145 146 151 147 143 148 153 149 153 161 148 159 159 165 159 161 164 174 166 167 161 172
152 153 151 149 144 145 147 145 142 150 151 145 153 159 152 137 124 124 124 132 129 135 141 150 149 148 150 154 130 115 117 124 140 141 140 130 124 130 126 122 127 130 128 125 130 135 138 146 138 146 149 157 179 186 174 173 171 165 165 141 153 147 150 160 146 151 157 167 168 172 168 167 158 154 158 157 160 154 149 152 152 145 135 141 145 149 156 162 166 171 172 167 165 157 155 161
150 150 146 152 151 149 162 143 146 137 138 140 146 147 148 136 129 126 126 137 135 148 148 147 142 143 143 132 127 127 119 122 129 134 137 122 119 117 118 138 129 139 139 137 141 139 146 149 150 149 156 164 174 185 177 182 179 167 155 136 143 145 143 150 140 147 151 155 158 168 171 164 165 164 174 173 163 158 160 158 149 136 135 157 171 153 167 163 165 171 175 164 154 145 142 142
155 153 145 153 155 153 149 149 152 138 139 141 150 140 136 145 133 132 137 144 147 149 156 149 146 135 136 154 153 138 133 121 131 140 134 125 124 125 125 139 148 136 132 143 147 136 145 149 155 150 155 159 166 172 180 179 179 161 148 148 136 137 137 147 140 145 152 145 157 165 170 174 170 169 168 170 160 152 148 146 141 133 163 171 163 160 181 172 176 184 187 163 145 150 137 139
154 150 148 159 148 142 142 154 152 142 143 149 135 138 134 134 136 143 151 158 155 155 150 147 139 144 150 170 176 150 135 125 121 126 131 129 142 137 123 137 134 131 141 153 159 151 146 148 145 144 152 150 155 165 171 171 171 154 168 158 139 132 133 134 146 148 147 151 160 159 161 171 166 165 162 154 151 145 141 143 131 145 153 170 164 161 170 169 170 172 177 158 154 152 149 142
148 149 151 148 138 145 141 136 139 136 140 137 132 141 142 134 148 156 157 164 163 153 141 141 138 158 168 179 186 159 142 125 118 117 119 138 141 124 117 110 123 143 151 156 158 164 152 148 143 150 155 163 166 165 162 173 174 165 164 162 146 148 135 126 139 142 140 150 167 170 168 166 155 158 165 163 162 142 141 135 123 143 148 149 150 160 169 166 170 167 170 165 167 156 148 146
140 146 141 149 145 147 146 141 157 141 143 147 148 145 148 159 157 160 163 166 152 146 144 142 153 155 156 166 181 163 148 140 122 115 119 122 119 123 125 122 119 134 139 145 148 148 143 144 144 153 153 172 168 169 158 171 176 167 171 158 151 142 132 135 130 139 147 167 186 183 166 161 147 146 157 158 159 156 141 140 124 134 144 139 147 157 163 158 154 169 178 167 163 151 130 127
143 142 156 155 157 161 159 152 146 139 142 151 152 156 159 158 156 161 161 152 151 146 155 148 152 157 162 164 175 176 155 145 132 131 120 117 121 122 122 119 115 126 155 159 158 150 134 137 140 151 170 162 167 155 158 161 164 165 160 162 153 152 140 126 129 135 148 164 173 172 162 149 143 150 147 149 147 146 150 133 137 128 137 140 142 153 147 148 155 162 169 163 150 138 131 135
138 142 151 151 155 162 159 157 151 145 147 147 146 150 151 155 161 168 154 153 154 152 153 154 153 156 161 160 159 146 146 143 139 140 131 129 130 137 130 124 116 127 142 158 161 142 141 137 138 158 167 161 150 140 150 155 160 155 155 153 153 164 146 126 128 132 150 157 167 167 156 146 139 142 143 142 139 136 140 141 139 128 136 139 143 144 142 157 173 157 148 151 147 145 145 147
149 148 153 156 160 158 163 161 156 156 142 145 148 148 160 160 158 152 157 155 151 158 160 159 160 158 161 156 149 157 160 148 144 146 143 139 135 139 135 127 114 112 141 147 151 133 129 132 137 156 159 149 137 144 154 157 159 145 147 156 154 152 144 130 134 134 140 149 165 166 161 146 137 134 133 138 128 126 128 131 126 131 136 140 139 149 155 156 156 149 143 152 150 142 148 157
154 151 151 162 163 162 161 163 157 153 153 143 158 155 154 153 155 158 158 155 161 159 153 153 150 149 157 163 156 159 159 152 164 165 154 150 141 138 135 137 121 112 115 138 140 123 143 136 149 155 148 148 135 143 156 157 155 147 150 155 151 136 130 132 148 151 151 154 159 162 156 145 142 138 133 128 128 126 119 118 123 134 141 139 141 149 150 142 141 141 143 156 151 133 143 140
161 160 152 153 156 156 154 163 147 159 146 149 150 156 159 154 155 155 155 151 153 156 152 149 153 148 152 154 158 149 151 159 160 175 164 154 144 134 139 137 138 108 115 124 128 141 137 143 149 155 154 146 131 134 153 154 146 140 148 144 137 123 124 143 151 159 173 171 167 167 168 158 152 139 141 137 136 130 120 118 127 132 136 141 146 151 145 138 135 134 137 127 125 122 133 130
160 154 151 156 156 159 154 159 150 159 158 160 154 153 154 152 153 153 149 155 159 153 148 147 159 162 156 145 150 139 142 141 152 159 159 158 145 143 135 131 137 119 110 123 126 130 133 144 149 142 146 133 125 131 142 147 143 142 143 131 123 138 145 150 158 159 173 175 172 162 152 145 143 137 142 136 139 133 119 122 130 135 137 148 140 148 140 140 126 139 125 119 114 120 118 108
166 167 160 161 160 159 159 152 154 158 158 159 155 153 157 155 148 148 153 162 159 153 143 153 163 162 140 135 144 141 137 134 145 138 143 159 143 139 141 129 128 121 110 112 129 139 152 151 148 143 142 129 132 128 134 131 137 132 130 126 136 138 154 173 176 167 160 156 153 151 148 134 134 142 137 129 130 128 115 125 135 137 142 144 145 152 136 135 132 137 125 129 134 133 127 111
175 160 164 167 170 166 165 159 154 156 158 155 156 154 154 152 147 149 157 158 154 161 160 143 155 149 134 135 140 149 150 132 130 140 129 127 124 121 121 120 121 121 102 110 147 151 161 164 147 151 141 131 128 124 130 131 138 145 134 143 147 158 176 180 182 169 166 158 154 146 140 136 133 129 123 122 121 116 123 129 141 142 143 147 146 143 148 140 140 131 135 139 136 136 145 130
175 171 167 165 170 169 165 163 151 149 154 151 158 154 148 146 149 155 147 153 154 150 160 144 141 139 143 145 153 154 146 136 152 149 151 144 148 142 141 130 124 118 113 107 128 150 158 152 144 150 148 138 127 139 142 145 149 150 141 151 146 164 169 174 184 186 177 165 162 153 151 139 144 143 150 126 117 115 121 129 135 141 142 141 149 149 146 144 148 139 142 141 136 128 127 118
175 166 174 167 163 162 160 158 152 152 159 156 154 149 142 146 141 146 145 150 137 139 145 137 144 147 151 158 159 162 164 150 156 167 151 153 150 142 133 129 116 140 119 113 138 150 139 130 139 147 154 140 133 132 155 153 149 154 151 151 158 158 159 178 178 177 164 155 155 148 147 147 146 143 133 120 119 117 122 131 138 140 135 141 147 143 143 140 139 131 129 136 137 120 107 104
160 157 159 162 161 154 157 155 160 162 157 151 157 154 142 143 141 143 145 141 142 141 139 150 149 143 156 164 167 174 180 163 172 183 170 161 148 140 137 130 126 118 117 107 124 132 129 146 149 160 167 156 144 128 148 149 143 162 163 167 160 157 156 158 150 156 155 147 153 146 140 146 146 132 123 121 117 119 129 122 129 131 134 140 138 139 141 137 138 140 123 123 122 111 109 113
156 155 153 161 158 161 153 161 165 167 157 151 153 147 147 142 137 139 147 150 146 142 155 160 147 152 157 163 179 194 194 182 182 182 180 161 156 153 149 128 127 133 114 101 110 122 131 145 145 147 160 160 143 130 129 130 149 162 173 194 168 158 149 147 145 145 140 141 151 148 140 138 136 131 132 120 113 113 124 124 122 128 131 138 135 136 138 139 132 128 127 126 122 111 116 124
152 153 150 156 160 166 163 161 155 150 147 144 149 147 149 147 157 154 160 154 157 165 165 152 164 170 158 180 189 191 186 183 164 163 164 158 147 142 134 139 134 116 119 120 101 110 117 136 150 157 154 162 150 138 125 121 134 152 168 182 169 159 153 138 144 135 135 142 145 143 132 129 128 128 127 126 112 111 119 127 126 125 129 136 131 132 134 139 144 143 131 126 121 118 117 145
152 152 156 160 166 166 155 147 147 148 149 148 144 148 155 155 151 159 168 172 166 162 162 164 183 178 167 171 197 192 179 167 157 153 143 140 147 146 153 142 120 132 130 124 120 104 109 129 144 152 159 147 132 117 118 125 127 143 149 158 144 154 149 138 135 132 137 141 141 144 135 130 126 123 119 121 126 113 116 127 123 120 126 133 134 134 138 137 139 136 126 126 134 131 141 139
155 156 166 165 164 154 149 150 147 146 150 149 144 150 159 153 153 162 169 176 164 161 166 176 195 204 203 181 192 191 185 172 152 157 155 144 143 154 159 140 131 148 171 148 125 127 106 112 133 152 155 143 120 123 136 137 126 132 141 147 144 143 133 125 136 131 129 140 145 145 138 134 136 133 123 120 111 110 117 122 112 117 115 123 127 130 142 138 138 131 130 148 159 144 157 151
163 156 158 159 153 153 148 154 158 163 149 153 148 156 160 151 161 162 169 160 160 164 175 181 186 200 193 186 184 176 172 169 164 160 151 149 165 168 164 163 131 157 180 167 132 124 121 104 118 130 133 112 118 130 129 130 141 137 133 147 147 129 126 131 130 137 135 136 144 144 143 141 145 151 141 142 134 132 134 127 114 124 123 129 136 134 144 151 153 153 147 143 158 167 176 161
152 151 154 149 147 147 151 154 167 164 163 151 160 155 160 160 165 171 173 169 172 171 161 177 187 178 172 174 174 172 168 173 165 162 154 173 171 165 155 153 141 164 171 175 135 130 116 114 105 105 114 114 120 120 121 138 146 148 136 136 126 123 136 141 155 155 148 146 148 154 151 146 146 151 156 154 143 134 131 115 111 116 132 140 144 140 143 142 143 153 161 148 169 180 175 169
151 150 150 155 154 153 153 154 165 174 176 168 167 163 159 159 163 171 173 174 170 165 159 161 164 162 164 172 162 165 163 166 172 175 179 180 169 159 162 169 163 158 173 186 152 137 148 138 131 119 108 101 98 100 103 107 129 123 134 134 116 122 126 141 157 156 155 147 147 160 156 168 152 136 143 143 131 120 112 110 123 143 146 134 130 129 135 148 154 154 163 152 164 174 182 171
147 150 156 156 164 157 153 157 168 192 182 179 165 164 160 160 161 158 164 166 167 164 162 160 161 157 167 163 154 156 162 168 161 168 177 171 158 162 178 170 170 161 171 171 175 168 175 155 126 120 124 125 129 128 120 100 99 103 123 114 122 134 136 134 140 145 156 153 144 159 175 179 155 135 122 117 107 118 119 117 121 121 125 123 127 133 129 139 139 153 152 167 176 178 174 160
153 157 160 160 170 166 160 161 171 176 175 170 168 163 166 164 163 155 162 168 166 164 159 156 154 155 156 155 156 160 159 152 153 162 154 150 157 158 166 158 158 166 175 169 168 173 164 141 125 112 113 109 119 127 130 127 116 101 102 128 126 130 140 149 148 151 147 143 136 143 148 153 138 118 105 109 122 126 143 134 143 132 119 123 129 133 135 139 154 164 159 160 174 178 172 161
154 161 169 159 168 177 180 174 171 175 173 166 166 155 158 162 164 162 169 172 178 165 164 158 153 152 153 150 148 150 148 152 145 143 143 145 155 158 144 142 148 159 161 155 157 150 145 140 131 114 130 133 118 114 121 112 113 110 94 98 112 122 126 125 135 136 139 129 129 134 122 117 105 104 110 121 128 137 166 164 162 132 126 127 125 134 133 143 144 147 143 152 165 173 160 157
153 167 169 166 171 177 179 170 162 162 170 174 171 157 158 162 167 161 168 173 184 178 163 158 154 150 158 161 158 153 147 144 137 141 143 154 138 145 149 136 143 154 161 145 145 146 136 138 132 128 144 135 134 118 110 118 121 114 109 93 99 105 113 124 135 137 142 133 117 134 128 101 100 112 117 125 143 165 178 185 162 139 134 129 133 137 129 132 150 140 147 157 167 171 158 141
168 175 178 168 167 172 180 171 163 163 165 169 167 166 155 162 157 158 161 169 167 164 152 148 149 153 154 161 143 140 150 140 135 144 142 140 141 155 161 144 142 140 145 141 139 140 139 130 124 131 138 139 132 121 120 124 125 137 138 124 94 96 109 116 125 122 120 114 114 108 101 104 111 113 126 129 138 144 155 174 162 145 144 140 147 138 132 138 139 149 153 153 151 151 136 132
168 182 172 167 164 162 162 159 160 159 157 167 165 159 152 157 153 153 152 149 156 153 142 146 149 148 144 144 148 146 139 137 140 140 132 132 133 144 140 138 131 135 134 132 120 124 124 128 141 144 155 134 131 136 143 134 133 143 131 127 114 96 95 91 113 114 111 110 99 97 101 118 121 120 128 136 158 168 171 173 161 147 142 141 144 143 144 147 145 154 159 158 150 130 130 133
