tests/testdata/gmted/ds75_grd/ds75_grd
ncols        488
nrows        345
xllcorner    -79.270972222238
yllcorner    35.518611111096
cellsize     0.002083333333
NODATA_value  nan
[rows 135 to 179 of 345, columns 288 to 383 of 488]
118 119 117 114 108 103 96 87 98 102 117 101 102 114 101 101 110 116 115 109 111 112 112 114 112 107 99 91 74 74 74 74 90 91 88 93 84 101 88 91 91 74 74 74 75 98 103 112 114 114 111 106 100 98 86 88 80 79 68 75 84 90 94 102 95 92 104 108 117 123 116 119 108 109 100 97 93 85 85 74 70 69 83 82 91 97 100 94 94 97 104 109 114 111 114 118
117 117 111 110 104 91 88 107 110 122 141 105 101 114 114 118 121 121 125 120 116 118 118 111 105 105 108 78 90 108 93 97 98 87 98 102 95 103 101 94 102 74 74 94 93 97 106 107 115 118 112 108 93 99 83 83 83 69 71 88 94 97 99 102 101 120 101 112 115 115 110 109 108 102 103 104 96 80 80 69 70 83 88 86 93 102 100 99 100 103 106 107 105 114 118 117
113 110 107 104 96 91 86 113 112 132 130 102 119 118 117 120 118 125 118 119 117 112 108 102 99 95 98 74 95 100 91 97 109 97 105 105 111 106 103 96 96 91 74 86 93 111 118 124 121 112 105 107 99 100 92 81 81 69 75 90 101 105 111 109 106 119 109 114 116 116 115 108 104 96 91 105 88 78 68 68 80 91 87 89 93 94 92 104 102 103 108 109 113 121 122 120
105 108 96 102 90 98 89 106 109 119 115 111 127 131 127 132 130 118 112 110 104 108 107 102 101 93 90 74 100 103 90 101 109 106 112 110 111 109 111 102 94 95 74 74 98 112 115 110 112 109 100 99 100 88 86 84 75 67 77 83 87 100 107 112 114 106 112 116 118 114 110 111 103 90 89 91 78 70 76 77 75 89 86 87 89 92 96 99 103 105 110 107 115 121 121 115
117 116 111 108 106 104 91 99 106 117 123 124 123 130 129 130 133 126 123 113 106 99 95 98 93 88 100 98 106 107 104 106 110 109 99 104 98 108 94 96 86 74 74 103 109 112 103 103 113 93 103 94 90 91 81 79 71 66 74 88 92 99 100 109 109 115 116 116 114 108 110 100 101 99 91 76 76 70 80 80 87 96 97 93 94 95 98 104 107 102 102 103 112 114 121 114
117 114 112 108 106 91 91 115 113 118 119 125 125 136 127 124 129 124 121 107 105 105 106 92 102 99 106 102 111 117 117 111 103 100 97 98 94 91 89 86 74 74 78 104 103 111 106 94 95 90 88 92 97 92 86 80 66 68 71 73 94 101 108 108 100 114 115 114 107 101 98 91 106 90 83 75 68 82 81 83 91 92 101 101 105 107 107 102 99 95 101 101 107 115 110 122
118 112 112 103 91 96 98 108 119 125 122 127 138 134 125 124 118 109 113 108 106 101 107 102 107 114 110 111 116 119 117 118 113 107 103 87 82 74 84 84 74 74 80 72 85 87 102 86 89 83 79 87 96 83 77 80 66 64 75 81 96 104 107 104 100 110 114 105 110 100 100 90 95 95 80 74 77 97 89 89 96 92 94 94 103 103 95 98 93 95 91 90 110 123 117 116
110 109 104 107 90 90 105 99 113 115 124 141 136 132 131 133 123 121 107 121 119 110 112 105 106 118 119 111 122 115 112 106 102 100 95 94 74 74 74 74 74 74 78 62 66 64 84 79 75 79 76 86 94 87 85 74 64 62 81 96 103 106 102 100 99 103 114 106 106 97 93 92 88 81 74 68 80 87 82 86 75 82 90 90 96 90 92 92 90 85 84 101 106 113 119 121
118 108 105 101 89 103 118 120 110 110 125 142 144 133 132 128 119 114 119 121 125 118 111 111 122 124 118 116 121 119 108 100 97 96 95 79 87 97 74 74 97 89 85 77 78 69 65 73 68 74 81 84 83 85 79 75 64 63 89 94 98 102 96 91 104 109 106 95 98 93 93 85 82 76 68 66 69 73 69 72 69 74 80 83 86 82 83 85 83 85 92 104 113 117 115 120
119 114 108 100 97 108 116 129 121 113 133 136 136 134 130 129 126 118 126 134 133 120 122 129 133 129 122 116 112 110 106 105 99 98 86 74 95 91 77 76 101 93 88 93 86 79 67 62 63 67 80 81 81 74 74 64 64 78 90 96 101 104 99 93 104 103 90 87 86 90 85 77 75 68 71 72 73 75 78 75 84 88 77 70 73 82 78 82 83 85 90 97 106 113 114 115
114 106 98 96 106 112 116 119 129 123 138 145 140 135 133 124 120 123 125 129 131 127 129 131 126 128 124 113 104 103 103 98 97 92 93 74 96 97 95 108 109 106 92 100 95 76 77 81 69 66 69 65 69 65 66 65 64 84 90 96 103 102 99 90 94 99 95 92 78 77 70 66 69 83 81 85 76 80 90 89 98 97 94 86 78 75 74 83 82 84 101 106 101 101 105 110
104 106 94 100 110 124 130 133 135 129 140 142 138 130 134 129 123 126 123 133 129 129 123 117 113 114 118 124 111 100 103 98 74 74 74 85 97 103 103 106 117 105 106 105 91 80 90 81 82 82 86 77 72 64 68 68 74 76 88 96 103 100 100 93 78 85 97 83 79 78 70 85 79 84 92 92 75 86 85 92 102 101 94 81 78 82 83 84 86 90 107 110 107 107 104 111
95 102 112 104 106 113 126 131 134 139 147 144 139 134 133 126 125 129 130 128 130 125 122 118 113 108 113 107 101 92 86 74 93 90 77 108 99 103 111 117 119 112 102 96 87 85 97 95 98 90 95 85 79 73 70 68 77 85 47 30 71 100 95 91 80 77 85 74 68 69 86 93 92 94 90 89 88 86 94 95 95 91 86 88 89 86 84 78 91 93 102 110 113 109 118 120
116 116 121 106 105 121 124 134 128 136 142 151 139 136 133 133 132 133 133 121 117 115 117 114 117 110 103 106 100 99 85 98 91 102 103 99 113 110 123 122 124 112 108 99 95 105 108 104 102 99 93 87 82 81 84 75 67 72 45 44 92 91 93 95 89 78 78 69 72 72 74 84 94 99 98 99 95 92 98 104 109 98 103 96 101 100 89 87 86 91 99 108 111 113 115 123
123 122 117 122 117 112 121 124 132 146 145 140 145 139 135 139 137 132 126 121 123 112 119 121 112 112 105 102 101 80 94 102 100 107 103 109 121 120 125 132 129 117 110 99 104 104 101 101 104 96 94 88 79 82 81 71 70 73 89 92 90 90 84 83 76 73 66 66 74 82 87 82 96 102 103 101 99 102 101 104 106 103 105 104 102 102 101 89 94 96 94 93 104 109 105 115
127 130 122 134 134 122 116 122 132 141 147 145 144 142 141 141 134 131 127 122 117 116 102 113 106 103 101 93 90 97 102 105 100 115 114 122 116 136 133 125 121 118 110 110 97 101 97 86 83 80 77 82 84 78 70 65 67 69 72 80 87 91 85 86 71 70 63 74 90 91 89 88 96 107 107 102 92 100 98 102 111 108 113 109 106 106 101 97 103 102 107 107 110 116 119 120
127 130 129 138 144 131 122 124 135 144 144 146 144 145 142 134 128 130 124 116 112 104 106 104 99 92 99 93 107 114 109 99 109 117 125 129 128 130 130 129 118 107 98 96 100 89 88 85 80 74 78 77 80 77 72 67 82 88 80 84 88 91 92 78 75 68 68 85 84 87 93 92 100 102 98 95 96 97 102 108 100 105 108 108 111 114 100 100 101 111 106 115 107 118 115 128
139 141 140 144 144 132 135 120 134 143 147 147 137 138 138 134 128 127 121 113 114 119 118 116 105 99 93 100 116 113 102 102 109 116 120 121 128 136 131 123 124 113 99 99 97 86 82 82 77 75 75 76 73 68 64 81 92 102 91 89 87 81 83 76 69 65 77 87 90 98 96 94 94 96 96 82 87 94 96 95 95 97 105 105 105 108 105 103 106 108 115 116 113 113 113 122
128 126 143 149 149 150 142 131 134 141 145 138 136 132 135 129 123 132 127 124 122 124 112 111 96 95 110 107 116 103 110 103 112 111 119 128 139 132 128 121 112 106 103 99 92 78 80 76 78 81 76 77 63 67 69 78 97 98 96 86 86 78 75 71 67 64 69 79 98 95 93 89 88 92 84 80 78 80 84 83 88 95 101 103 104 111 106 110 112 110 111 115 114 119 123 125
141 146 144 143 151 145 133 130 138 146 146 139 133 131 129 126 127 125 130 126 125 120 114 99 94 105 119 111 103 114 117 110 118 118 118 127 134 130 123 115 111 105 98 86 86 89 81 74 72 79 72 73 69 69 69 79 82 94 87 79 73 70 74 67 61 61 75 91 90 81 78 79 82 83 86 81 76 87 76 74 79 90 93 93 98 98 103 106 115 111 117 118 117 120 127 128
127 137 142 146 140 146 141 135 149 147 143 138 130 123 123 123 117 119 122 119 122 117 110 102 108 118 116 114 110 126 125 118 125 123 127 128 131 122 124 115 105 102 98 97 93 91 95 82 81 71 65 70 63 65 73 74 75 75 73 73 70 70 69 65 56 60 76 82 84 76 68 72 78 75 72 83 96 98 85 89 84 77 78 84 90 98 96 102 103 110 108 111 116 120 123 125
144 142 152 155 153 149 139 142 143 138 135 135 132 128 117 97 118 120 122 114 116 101 94 103 111 126 123 114 111 119 125 130 121 134 137 132 129 122 123 112 112 98 93 86 83 80 73 76 64 72 65 59 61 62 68 61 66 64 67 71 69 67 59 65 63 73 88 76 82 72 67 74 72 69 78 93 105 98 88 93 90 94 99 95 90 92 99 101 105 108 113 115 120 123 124 121
138 134 139 141 149 153 145 139 159 149 140 137 129 122 121 131 117 117 114 114 108 97 106 113 118 130 124 118 121 116 125 134 131 140 137 132 128 126 116 108 107 92 91 88 92 89 77 80 76 66 64 56 59 68 68 61 67 62 62 65 61 56 65 65 71 82 80 75 67 74 73 73 78 82 83 92 103 102 91 94 96 99 102 87 96 98 98 104 111 111 111 112 119 116 110 116
144 147 148 152 150 152 147 157 159 153 143 141 135 135 133 128 117 119 114 113 102 105 126 125 121 130 116 121 123 131 128 134 137 133 130 124 123 121 119 115 108 100 96 98 101 88 89 83 74 69 67 71 72 72 75 65 69 72 69 65 63 64 62 61 61 66 75 71 64 76 71 82 82 87 86 90 98 102 96 91 96 108 104 102 97 96 105 102 109 108 112 119 120 122 121 117
143 146 145 149 144 149 152 164 158 149 139 137 133 132 133 139 125 120 116 112 117 122 130 127 124 128 123 123 133 136 139 132 134 137 131 127 116 111 114 109 108 112 109 100 96 89 81 81 76 76 81 83 72 79 80 80 70 67 68 67 64 64 63 63 61 62 62 58 74 71 80 73 79 83 87 99 103 98 92 95 100 102 104 106 101 103 107 105 110 111 117 114 114 121 121 114
145 146 142 135 146 146 146 149 152 156 144 141 138 143 144 138 130 118 115 109 119 128 134 141 131 122 120 126 131 131 138 132 137 131 129 119 116 114 106 107 106 105 110 107 102 95 90 85 77 80 84 82 81 79 87 87 76 69 59 55 61 58 58 62 60 65 70 80 74 86 85 81 80 75 86 94 91 91 88 94 97 101 104 104 108 107 108 116 113 110 112 108 108 109 105 100
140 141 138 134 135 141 147 144 147 150 145 141 151 149 139 136 126 123 118 114 124 135 138 129 131 136 131 131 138 140 137 140 134 134 123 117 108 107 104 97 103 103 102 107 105 96 84 86 79 86 85 83 81 88 88 84 82 85 72 55 61 58 65 72 65 62 70 85 86 93 93 85 85 87 87 87 82 87 83 87 92 100 104 110 112 111 105 102 99 101 107 97 111 119 110 94
140 132 132 134 139 142 138 144 148 147 148 144 144 146 138 131 123 125 122 120 127 134 135 136 130 134 134 131 127 134 134 137 135 124 128 121 117 110 110 102 95 97 99 103 97 95 95 86 84 94 89 91 86 88 90 79 78 74 73 72 69 69 69 67 68 58 64 80 90 85 89 93 86 99 94 100 96 88 89 86 89 93 102 113 103 98 100 101 95 98 98 91 108 112 93 85
143 135 124 130 138 150 132 139 149 149 152 144 140 140 141 134 130 129 129 127 131 141 137 142 140 135 136 137 137 136 127 134 128 120 123 116 113 113 104 99 93 94 88 88 90 93 90 90 90 98 99 88 87 92 89 90 88 83 74 76 73 69 67 70 69 65 65 80 88 85 88 93 98 101 103 104 101 92 93 91 92 99 105 103 101 101 90 87 82 96 93 89 98 106 85 109
134 137 127 123 135 132 130 140 144 141 139 140 140 141 136 129 131 131 134 136 134 144 143 143 134 134 137 139 140 139 138 124 121 115 110 113 112 107 101 107 104 90 100 100 98 86 87 82 82 84 80 80 82 81 90 86 84 75 73 70 72 68 68 66 65 62 60 73 85 88 90 90 99 97 101 101 106 99 103 101 99 98 104 104 102 104 99 95 81 87 90 93 97 91 88 110
130 128 120 125 132 130 131 142 142 137 139 134 130 135 132 127 124 130 127 136 137 143 139 135 138 135 131 138 134 140 132 126 121 115 115 102 109 103 102 103 101 102 98 87 85 78 76 82 80 78 73 80 75 76 87 80 80 72 71 67 67 66 66 72 67 65 68 77 80 81 83 88 90 87 107 101 93 96 92 95 98 103 99 104 100 96 95 90 90 84 100 99 98 91 75 88
117 122 119 127 130 118 136 138 137 125 138 135 124 127 121 132 126 129 131 139 135 142 143 133 125 127 124 132 130 143 136 133 123 118 113 106 99 108 104 94 102 87 83 95 88 89 83 85 78 87 65 67 74 78 77 84 81 81 75 70 70 69 69 62 65 66 70 76 74 77 84 92 87 90 106 105 93 97 94 97 94 95 100 101 100 92 89 89 95 81 95 94 91 90 85 87
120 119 114 122 115 128 132 134 122 122 127 140 126 117 115 119 120 130 135 136 134 139 135 133 137 129 118 125 133 137 127 124 120 118 112 109 98 96 94 100 93 95 93 97 94 88 83 96 89 86 74 64 65 65 72 74 81 70 66 77 73 63 60 62 68 71 73 69 69 80 78 75 83 94 95 90 90 90 92 92 91 92 96 104 98 92 89 77 84 78 86 87 85 86 80 81
123 113 112 123 129 131 140 137 117 123 131 132 124 124 108 112 122 130 132 143 139 136 139 126 137 129 116 127 127 125 120 124 121 115 108 112 107 111 97 101 100 92 100 103 100 93 98 94 86 83 79 75 75 66 68 71 74 69 71 69 61 61 68 66 66 66 67 66 72 61 72 74 80 84 89 87 86 91 85 91 93 94 94 94 89 83 81 79 72 76 80 80 75 71 75 85
121 112 106 124 129 125 135 126 116 120 124 130 117 116 110 114 122 133 132 135 131 138 133 129 125 122 113 94 113 117 111 121 120 116 118 120 114 105 97 98 102 97 93 91 89 92 100 94 93 90 82 81 81 65 64 70 73 65 66 63 67 57 67 59 58 68 59 58 60 61 70 72 77 84 83 79 80 79 79 84 92 96 89 85 84 78 79 72 68 72 73 69 75 78 78 79
118 115 108 122 124 126 127 123 106 114 126 122 117 104 108 119 129 129 134 131 129 136 141 141 131 122 130 113 119 104 109 109 112 116 111 106 105 100 95 90 95 88 87 86 87 81 92 90 88 89 84 81 82 76 66 68 68 69 63 61 61 64 63 67 67 64 64 62 59 61 68 73 75 74 71 73 82 83 84 88 86 93 90 84 77 70 74 79 86 77 85 89 78 90 90 90
118 103 102 110 117 115 116 117 101 115 125 120 112 105 116 125 126 127 128 139 137 139 140 145 127 129 132 128 130 118 114 107 95 102 103 100 98 97 87 85 82 80 81 79 76 79 81 84 82 83 82 78 78 77 75 72 62 66 64 60 64 69 67 61 62 66 60 64 61 60 64 65 64 70 69 77 80 89 90 91 91 90 81 85 76 69 73 89 93 90 80 89 81 88 94 90
112 117 102 103 105 110 108 111 105 117 116 112 100 107 112 119 123 127 125 135 137 142 137 136 138 141 136 123 122 124 112 114 104 86 99 94 88 82 84 88 90 97 75 75 78 75 72 73 74 81 78 74 70 74 69 65 69 62 65 67 71 77 73 71 66 57 56 63 64 70 64 72 72 77 75 76 79 85 82 87 85 77 76 74 68 68 78 85 87 89 86 93 94 88 91 93
133 134 106 96 92 91 98 100 106 114 108 95 105 111 103 109 115 116 123 126 126 138 135 145 142 133 132 120 120 116 118 108 100 89 86 88 86 80 90 94 103 94 79 79 80 80 76 79 74 70 72 69 62 71 69 65 65 68 76 76 76 80 76 65 56 56 58 61 72 86 73 81 73 86 82 77 89 83 74 83 85 76 68 67 68 71 77 86 89 85 82 85 100 84 92 104
134 126 117 127 104 112 105 96 96 108 98 101 110 118 115 114 119 124 128 131 135 138 134 142 144 136 130 126 126 126 116 105 113 99 104 100 85 97 100 99 104 99 97 90 89 84 80 77 73 73 82 74 71 74 66 66 66 64 73 78 77 80 80 67 65 57 61 62 63 72 78 86 81 86 91 84 88 79 78 72 73 66 64 65 73 76 71 74 74 81 90 91 98 93 91 95
132 126 122 129 121 111 104 103 90 88 95 102 109 121 123 125 123 130 125 135 139 139 139 134 133 129 129 120 122 117 112 116 112 104 105 105 102 103 102 107 104 101 93 93 93 90 92 84 77 91 90 83 83 82 81 77 66 70 78 83 86 73 72 64 63 57 55 65 67 68 75 85 94 88 83 82 72 72 70 64 66 67 81 87 81 83 78 81 80 88 93 97 97 101 96 109
131 119 113 115 117 104 97 105 106 92 96 111 116 125 123 126 134 138 138 137 138 143 140 130 124 127 126 120 117 118 112 116 118 116 106 113 110 103 105 101 101 102 99 94 90 89 84 75 80 83 90 89 88 87 86 75 72 74 79 83 83 76 79 71 67 58 58 56 63 73 80 87 91 81 83 76 78 74 61 69 75 84 87 87 85 91 97 90 88 89 94 99 96 97 104 101
118 111 117 118 116 97 88 91 91 88 97 104 106 118 128 129 138 143 139 133 132 136 134 127 128 121 125 113 112 114 112 110 113 116 116 113 98 104 106 108 107 99 95 86 85 79 77 80 97 94 94 91 90 88 85 78 69 83 84 93 87 78 76 76 76 68 54 57 59 73 74 83 85 81 75 73 66 58 62 65 75 83 86 92 91 94 92 92 94 98 96 99 104 106 103 102
119 110 104 112 113 93 84 85 94 104 115 117 111 124 130 133 143 137 131 131 132 138 127 121 119 121 112 110 110 112 111 111 112 110 114 113 102 106 107 111 106 108 99 89 83 92 78 96 100 100 106 92 89 87 86 75 79 82 85 85 88 84 75 76 71 76 66 60 57 59 76 77 75 78 70 61 62 68 69 74 75 79 83 85 85 87 91 90 94 98 102 99 101 107 107 106
117 109 113 105 103 87 94 109 105 108 111 119 120 122 123 132 138 140 127 122 119 127 122 120 119 117 113 118 110 106 114 108 107 112 111 105 107 106 106 106 115 97 94 90 94 91 82 98 100 103 104 107 98 87 89 84 83 83 82 88 87 81 78 70 74 68 64 64 61 66 73 77 76 72 66 67 68 80 82 89 85 80 88 84 84 89 94 94 98 98 97 101 103 106 107 112
