tests/testdata/gmted/ds75_grd/ds75_grd
ncols        488
nrows        345
xllcorner    -79.270972222238
yllcorner    35.518611111096
cellsize     0.002083333333
NODATA_value  nan
[rows 225 to 269 of 345, columns 96 to 191 of 488]
131 128 123 104 104 102 112 109 94 95 84 77 68 68 71 80 83 68 68 68 68 68 68 68 77 86 83 86 87 84 93 90 92 96 95 90 88 90 88 88 87 86 79 91 92 94 98 98 102 89 97 102 109 98 88 90 87 85 91 94 104 98 100 94 103 94 98 106 107 104 97 91 87 87 85 85 85 88 90 100 92 86 91 93 102 107 109 111 119 110 116 122 115 118 112 121
131 117 111 110 113 108 103 99 91 89 80 69 71 80 68 76 79 79 68 68 68 68 68 68 73 84 81 72 77 81 83 86 90 87 89 89 79 85 90 85 76 78 83 89 94 95 99 89 96 91 96 103 96 96 96 83 84 85 87 96 98 90 99 89 99 87 106 103 101 101 98 91 86 85 86 83 87 96 92 102 113 100 95 102 103 101 106 120 118 124 116 119 119 126 120 128
132 119 118 123 119 121 118 107 96 86 72 69 87 84 68 68 79 72 68 68 68 68 68 68 68 73 70 86 86 92 84 85 91 90 84 87 88 89 92 90 84 80 91 88 92 85 88 89 85 83 87 94 95 89 91 85 83 90 98 99 98 90 92 95 96 102 107 99 102 92 98 88 84 84 84 89 99 101 99 113 109 108 107 113 110 104 103 112 118 122 127 126 131 136 128 131
132 121 128 121 117 109 107 100 88 83 80 85 87 83 74 68 68 68 68 68 68 68 68 68 68 72 83 81 80 87 84 85 86 86 84 87 92 80 88 88 84 69 83 87 90 84 93 84 85 86 95 90 86 91 86 85 86 94 97 94 90 91 90 97 101 98 102 94 97 98 85 80 84 81 87 87 98 102 106 113 114 112 105 106 115 109 121 111 127 128 132 135 134 135 134 130
130 123 131 125 119 108 107 91 85 89 78 77 83 85 80 71 68 68 68 68 68 68 68 68 68 86 89 88 88 88 87 82 88 92 86 84 87 83 87 87 87 78 68 89 94 78 86 87 78 81 82 81 81 79 76 76 91 89 87 82 94 96 100 92 97 95 91 94 97 81 83 79 82 83 87 84 88 89 95 105 104 114 113 117 110 121 123 123 124 127 124 132 131 135 130 121
116 113 120 102 109 104 106 109 92 87 80 76 84 83 79 70 68 68 68 68 68 68 68 68 69 79 81 82 84 86 81 80 82 84 85 81 85 75 81 83 86 71 74 86 84 80 72 71 70 68 68 72 72 70 77 75 75 76 80 76 84 81 84 87 86 87 87 86 83 76 80 81 89 92 91 98 95 100 104 114 105 119 118 119 116 119 125 124 121 118 122 123 125 124 118 114
108 106 106 96 107 106 105 92 92 89 86 84 84 79 78 68 68 68 68 68 68 68 68 68 72 77 82 85 84 84 80 73 79 75 68 70 74 70 68 69 79 68 68 69 72 72 68 68 68 68 69 69 71 70 69 66 69 70 70 72 76 82 83 79 83 82 80 80 83 81 86 90 90 97 103 97 95 101 109 118 112 120 122 121 114 120 125 123 122 116 119 121 129 122 113 103
118 133 146 126 114 103 99 104 89 76 82 79 80 81 83 84 68 68 68 68 68 68 68 69 82 85 80 86 85 85 72 68 68 68 68 68 68 68 68 68 68 68 68 68 68 68 68 68 72 77 77 82 77 85 83 82 87 82 84 79 80 83 79 79 82 83 84 85 83 86 94 85 87 97 99 106 109 103 103 109 120 112 112 105 126 121 122 117 117 111 120 129 126 113 107 103
137 142 133 123 112 116 108 98 90 79 71 72 74 81 81 78 70 68 68 68 68 68 68 77 84 88 87 70 71 68 68 68 68 68 68 68 68 68 68 68 68 68 71 78 89 79 81 87 81 90 89 87 87 80 84 85 91 90 91 89 89 87 86 78 85 90 90 86 94 94 96 95 99 90 104 107 111 112 111 120 118 106 111 116 116 119 122 112 111 117 120 118 113 106 97 113
141 138 135 133 128 123 118 107 98 81 69 68 70 83 83 79 72 68 68 68 68 68 68 75 72 73 68 68 68 68 68 68 68 68 68 68 68 68 68 84 84 86 95 79 90 90 87 94 90 87 100 96 101 85 91 95 99 102 104 97 88 92 90 93 99 95 93 97 92 98 96 101 106 98 94 111 114 108 117 112 113 111 113 108 115 122 118 109 107 120 126 108 106 102 102 103
135 137 124 119 111 105 99 94 95 87 72 68 68 84 83 82 76 77 68 68 68 68 68 68 68 68 68 68 68 68 68 71 78 68 68 68 68 80 83 84 88 82 89 82 86 89 93 96 82 89 92 103 97 89 87 100 94 102 100 97 94 100 94 100 106 96 96 95 97 101 106 111 108 97 106 108 109 106 110 101 105 103 109 113 114 117 117 106 107 115 114 100 99 109 110 106
137 130 129 123 121 122 109 93 85 83 71 68 68 76 83 84 79 76 69 68 68 68 68 68 68 68 68 68 68 68 70 82 77 77 69 68 74 72 86 83 94 88 93 91 83 90 99 95 88 97 100 102 92 99 103 96 102 104 102 97 100 96 99 109 105 97 95 102 103 108 105 106 107 109 105 98 94 102 101 94 107 107 109 118 121 120 114 114 112 115 114 94 107 111 126 120
132 128 135 129 115 116 113 104 98 89 83 68 68 68 81 81 85 78 68 68 68 68 68 68 68 68 68 68 68 67 68 80 87 92 89 73 80 84 78 87 85 90 94 88 91 88 96 98 103 103 98 92 102 108 101 103 104 105 111 106 105 99 106 99 96 103 102 100 106 101 102 106 105 105 106 99 92 98 106 107 113 109 112 110 118 115 109 106 112 110 96 96 111 125 126 128
124 115 114 109 113 116 103 101 90 81 80 68 68 73 85 85 82 77 68 68 68 68 68 68 68 70 71 80 83 94 80 79 86 87 86 82 85 85 83 87 86 89 95 84 92 93 97 103 99 100 85 92 90 104 104 105 99 105 104 101 101 98 94 97 105 103 100 92 94 101 108 98 100 108 102 98 103 99 102 106 99 103 107 112 112 105 100 108 109 99 95 99 106 112 129 131
122 130 135 123 111 98 95 88 86 81 72 69 68 72 75 80 82 72 68 68 68 68 68 68 69 69 68 73 88 92 93 95 98 92 89 90 84 92 96 82 91 94 96 88 94 99 107 101 89 84 86 91 100 99 101 93 101 112 99 102 99 90 89 95 100 105 106 102 93 102 97 101 102 97 97 92 100 99 94 94 91 92 95 94 100 102 109 113 108 95 92 109 117 125 122 135
131 134 145 126 130 115 119 97 85 81 75 68 68 68 69 78 80 72 68 68 68 68 68 68 68 74 71 73 82 86 84 89 95 88 86 86 86 90 87 90 92 94 92 94 98 92 95 91 90 81 90 96 101 95 97 93 99 101 107 103 101 92 86 91 99 97 108 99 89 89 101 101 107 99 99 90 96 95 94 94 99 101 103 106 110 107 108 114 97 93 99 99 111 118 128 122
136 149 145 138 130 121 120 113 99 99 68 68 68 68 68 75 74 68 68 68 68 68 68 68 68 72 79 84 82 87 89 88 90 96 91 91 90 100 95 96 94 93 92 89 96 92 92 88 87 83 92 101 103 99 86 90 89 90 99 99 91 83 82 96 97 99 95 91 89 98 101 94 92 86 80 95 99 101 99 105 107 108 109 106 107 107 106 93 92 95 103 112 110 111 112 120
136 136 137 124 120 114 119 112 95 86 81 68 68 68 68 76 79 70 68 68 68 68 68 68 68 72 83 83 87 77 88 86 90 94 94 94 91 96 95 98 94 93 84 89 91 89 91 84 83 80 92 98 99 99 94 91 83 95 97 101 94 87 88 92 93 92 92 92 85 87 86 84 85 85 92 105 104 101 102 106 113 104 101 103 100 93 97 91 90 102 102 102 103 113 123 120
130 133 120 113 120 103 108 109 105 104 79 68 68 68 68 77 81 76 68 68 68 68 68 68 68 77 85 87 86 88 94 95 92 95 91 90 87 93 97 97 93 93 89 84 88 86 90 92 92 91 91 98 102 93 92 87 95 100 104 97 95 88 81 83 87 85 78 84 86 87 84 89 91 93 96 100 107 111 116 104 104 98 91 100 90 91 92 94 100 93 96 99 103 110 116 125
131 136 131 117 108 99 97 96 90 87 82 77 77 68 68 70 81 74 68 68 68 68 68 68 68 68 72 76 84 90 99 94 94 88 85 81 92 87 93 95 100 96 87 90 83 84 85 93 89 92 97 94 93 94 92 98 99 100 97 90 84 79 86 87 88 81 86 86 92 91 95 100 99 97 105 105 105 98 108 99 94 91 86 90 94 100 100 96 105 104 106 105 105 103 104 109
111 115 116 108 101 108 97 104 96 80 81 84 73 68 68 68 73 71 68 68 68 68 68 68 68 73 78 84 89 92 91 91 96 87 87 84 93 92 89 96 89 96 90 86 87 80 94 104 93 97 101 100 88 87 90 93 94 94 90 86 86 85 84 81 78 81 86 88 88 97 99 98 102 95 100 96 91 100 102 89 89 85 88 99 96 103 108 105 111 109 116 116 110 118 120 124
113 102 100 99 101 91 89 94 87 83 68 72 72 68 68 68 68 70 68 68 68 68 68 68 76 85 88 88 88 85 94 85 88 88 84 85 94 91 92 92 84 91 84 86 77 86 87 91 90 94 102 98 94 90 90 93 99 96 93 81 75 81 81 79 78 80 81 86 78 88 87 95 90 89 94 95 98 89 87 88 88 93 92 103 108 113 110 107 119 122 119 118 125 128 134 131
123 134 129 122 102 104 89 88 76 69 75 76 68 68 68 68 68 68 68 68 68 68 68 68 69 82 84 82 82 80 88 87 88 86 77 80 81 88 88 86 87 94 89 80 72 85 86 95 99 95 93 96 93 92 84 81 85 85 85 75 73 78 75 74 78 82 84 81 81 80 81 78 86 80 84 91 86 80 88 96 103 110 110 110 114 110 120 119 117 120 116 121 124 130 131 139
113 108 113 110 100 98 91 80 68 68 68 68 76 75 68 68 68 68 68 68 68 68 68 68 68 69 71 68 75 88 88 92 86 80 71 86 90 85 86 84 88 90 87 78 78 92 93 96 91 92 91 89 88 86 80 74 82 79 76 74 75 84 78 85 85 84 84 83 76 77 77 78 85 79 83 82 87 88 87 88 99 104 104 103 110 115 121 111 106 106 126 127 126 129 129 133
114 117 103 99 97 93 89 82 78 68 72 68 68 68 68 68 68 68 68 68 68 68 68 68 68 69 68 73 83 83 88 90 90 81 74 82 86 77 82 84 81 85 75 72 85 87 89 95 90 83 84 87 93 86 76 74 72 74 74 72 76 85 76 89 91 93 81 83 81 90 84 81 81 84 89 94 93 90 98 93 87 94 95 104 105 117 110 106 100 117 128 132 135 132 130 137
113 110 109 112 103 86 87 77 72 73 69 68 68 68 68 68 68 68 68 68 68 68 68 68 73 71 76 80 86 93 90 87 83 71 79 81 82 84 83 80 73 78 70 80 82 86 89 89 87 82 87 82 79 72 71 72 76 76 76 79 81 86 89 98 95 100 101 95 96 99 95 94 92 91 97 98 90 96 106 102 97 89 86 87 94 99 99 101 114 126 121 118 129 138 130 131
104 100 95 100 100 92 81 74 77 81 69 68 68 68 68 68 68 68 68 68 68 68 68 70 66 78 84 83 95 101 85 83 88 79 79 79 75 81 82 79 70 68 70 83 84 82 83 83 81 75 75 73 67 70 74 69 75 74 79 83 83 83 89 96 96 97 107 103 88 98 98 94 95 97 103 101 95 93 98 103 101 93 97 96 100 99 97 109 109 107 114 117 119 129 137 124
99 108 104 92 88 89 83 84 78 68 68 68 68 68 68 68 68 68 68 68 68 68 69 76 82 84 86 88 89 90 85 86 84 82 73 68 68 68 69 69 68 68 70 68 68 68 68 68 68 68 66 68 71 75 76 80 89 86 91 92 88 95 88 91 89 94 100 101 104 93 102 100 103 101 104 100 97 97 101 103 106 96 105 103 105 108 98 110 112 116 115 115 120 127 118 113
98 106 91 90 89 84 79 84 77 68 78 68 68 68 68 68 68 68 68 68 68 68 82 83 91 87 90 85 86 90 84 81 76 79 68 68 68 68 68 68 68 68 68 68 68 68 68 68 68 68 68 70 78 82 83 83 82 83 91 93 100 97 93 87 90 94 92 97 103 108 98 99 103 106 107 104 105 103 106 105 101 101 102 109 110 113 112 103 110 118 121 121 121 123 120 109
85 87 84 87 83 81 83 82 73 75 70 68 68 68 68 68 68 68 68 68 68 68 75 82 87 92 84 88 81 87 94 68 68 68 68 68 77 71 68 86 82 68 68 68 70 72 74 74 76 78 76 78 80 86 90 86 93 93 87 87 97 100 99 96 97 88 89 96 105 102 100 101 110 111 106 107 106 109 104 106 102 106 108 117 111 123 116 105 111 119 120 122 118 120 112 110
81 75 73 80 84 82 80 70 73 74 80 68 68 68 68 68 68 68 68 68 68 68 69 77 86 81 87 89 87 72 81 68 68 68 89 70 70 78 78 88 86 75 81 83 78 79 82 82 82 79 83 84 85 86 92 89 92 95 84 90 101 103 98 100 98 99 99 99 101 99 107 105 110 110 112 105 110 111 109 110 112 109 111 120 124 117 108 108 117 120 125 120 111 106 115 114
74 79 75 68 72 80 85 81 68 74 68 70 68 68 68 68 68 68 68 68 68 68 68 73 75 80 72 83 83 82 68 68 68 78 84 76 72 81 82 85 82 83 83 81 80 83 85 87 87 83 89 83 87 87 94 87 85 96 93 96 98 96 101 99 102 96 105 110 105 101 108 106 111 112 106 111 111 112 115 114 113 112 118 118 125 112 113 116 121 124 117 112 109 102 111 118
80 75 69 68 81 82 83 77 68 68 68 68 68 68 68 68 68 68 68 68 68 68 68 68 70 69 68 78 73 68 68 68 70 75 80 87 80 89 91 85 88 85 86 83 89 94 96 96 89 84 90 94 96 96 90 88 89 102 104 102 102 101 106 109 106 102 103 107 106 108 110 106 110 107 106 109 112 113 115 114 116 123 127 127 119 118 115 125 125 118 113 107 108 101 111 117
79 69 68 68 69 75 71 74 68 68 68 68 68 68 68 68 68 68 68 68 68 78 68 68 68 68 68 68 68 68 68 69 80 78 83 84 90 85 89 88 82 84 87 85 87 85 90 96 91 104 91 96 99 96 96 100 102 93 101 100 102 99 98 107 105 112 109 113 104 109 101 108 107 101 102 109 108 111 117 112 115 119 121 118 125 120 117 120 118 119 116 113 109 101 105 113
81 84 83 68 68 76 69 68 68 68 68 68 68 68 68 68 68 68 86 92 86 88 72 68 68 68 68 68 68 68 69 82 87 80 77 90 89 89 74 85 92 90 87 89 95 92 94 97 93 88 92 92 96 93 103 96 95 97 97 101 97 98 104 98 105 101 107 104 100 101 92 97 92 91 98 101 101 107 102 109 123 120 116 118 118 116 114 104 113 108 117 117 119 104 97 105
81 76 67 68 68 68 68 68 68 68 68 68 68 68 68 68 68 84 97 107 111 95 90 73 68 68 77 68 70 70 68 79 73 77 74 77 78 79 77 88 81 92 93 88 92 92 92 96 99 97 93 91 95 97 90 97 91 99 93 94 91 104 104 98 96 100 99 103 88 86 90 98 102 103 112 113 115 111 111 113 119 115 114 115 117 119 121 115 107 108 118 117 113 100 93 101
82 78 81 69 69 68 68 68 68 68 68 68 68 68 68 68 69 88 95 105 104 94 86 75 68 68 76 79 90 78 68 68 68 69 71 68 68 68 72 83 84 85 87 83 91 93 96 88 92 93 96 87 89 99 95 89 93 95 92 89 86 92 92 98 93 93 93 97 88 110 105 110 105 108 109 113 109 108 115 112 116 116 109 119 119 121 123 114 109 104 111 108 113 102 95 94
84 85 81 78 68 75 79 68 85 84 75 68 68 69 71 70 80 100 105 106 104 92 88 69 68 68 77 87 87 87 76 68 68 68 68 68 68 68 68 69 86 85 79 81 96 102 89 86 93 91 87 90 96 96 88 84 91 94 88 81 78 76 81 88 95 88 90 97 98 102 103 111 107 113 111 119 109 107 105 108 120 113 114 118 116 116 118 105 104 97 103 106 102 100 94 86
80 88 93 88 90 94 80 68 68 91 71 68 68 69 82 83 92 99 106 108 106 96 88 75 68 71 78 86 85 84 72 72 74 77 81 74 79 71 68 68 72 78 77 78 82 88 86 87 92 89 85 88 89 86 83 78 86 85 82 81 86 93 97 100 95 93 96 99 104 106 113 111 106 114 114 110 110 100 105 107 112 100 115 118 115 115 109 100 103 92 98 103 104 102 93 87
96 95 89 92 92 95 79 70 69 89 74 68 68 76 83 92 98 101 114 105 98 84 76 72 68 85 87 88 85 76 77 78 86 84 86 76 83 80 82 68 68 68 72 73 73 75 74 74 78 82 76 79 80 80 86 86 90 84 88 94 95 96 101 101 101 100 95 101 99 111 109 115 106 110 110 105 109 95 98 99 106 112 112 113 106 105 106 112 96 90 100 102 103 104 99 98
91 91 87 86 78 83 68 79 108 104 86 71 68 75 88 108 106 112 112 100 87 91 85 70 68 69 86 80 83 83 86 89 90 93 83 81 84 83 86 87 81 69 83 83 72 72 76 86 87 86 81 79 85 87 89 92 97 92 96 98 99 92 97 104 107 96 99 99 104 113 105 106 103 103 110 103 100 93 100 99 106 114 109 113 107 95 106 115 92 83 89 94 99 102 95 93
98 86 68 82 75 76 72 82 110 112 84 73 68 77 91 112 107 114 109 101 91 87 83 68 89 68 68 75 89 81 83 81 86 85 86 87 90 85 91 84 85 82 94 87 81 75 82 93 93 88 86 91 92 92 94 100 99 100 94 99 99 95 102 106 110 109 110 111 117 102 105 97 94 106 105 95 95 100 107 106 109 111 108 103 106 101 93 104 98 81 91 95 102 99 87 91
96 70 68 68 68 68 76 83 107 99 89 75 79 77 92 100 105 102 95 91 87 85 77 75 86 84 68 68 70 71 75 86 83 81 90 88 86 93 93 89 87 82 96 89 87 87 78 85 87 89 88 88 87 85 87 90 90 99 101 111 107 100 100 108 107 102 101 102 100 101 96 87 92 101 103 95 94 97 100 99 111 115 104 99 107 110 99 88 101 83 100 104 99 102 88 88
116 68 68 68 77 88 78 83 113 111 87 79 86 80 91 109 104 98 93 87 88 83 80 82 87 86 74 68 74 91 89 85 84 85 83 86 89 95 93 97 88 87 94 89 93 88 85 79 80 82 82 86 88 84 98 100 105 99 96 105 104 103 102 108 101 106 108 101 106 105 95 91 93 104 98 91 92 92 107 106 110 105 103 94 105 104 95 97 88 83 94 98 87 96 85 91
103 84 68 68 84 95 89 89 104 92 100 82 84 84 91 100 99 91 87 86 86 84 82 88 86 84 87 72 74 86 92 96 92 92 89 87 83 93 92 95 91 86 90 92 99 95 93 80 84 87 90 89 100 94 95 102 98 102 103 104 104 107 108 99 101 105 104 99 105 101 105 95 92 94 91 88 106 104 103 99 108 108 103 91 100 100 98 97 87 81 87 87 84 77 90 99
